1708
3561
5637
24967
30282
32707
34071
42030
43290
43885
48427
67487
92345
96174
102078
102250
110719
127304
160831
183528
223502
232481
235446
239797
242827
249587
265802
265803
281736
292216
309356
312845
324382
354884
359737
364153
402475
410056
422602
466666
470779
476004
495127
500136
500584
527800
562774
563954
566032
568368
578021
608898
608899
614782
626307
627489
645491
683515
685086
712370
727289
728374
728840
734796
762819
807030
815459
825773
827802
832724
859345
860399
865640
876889
882085
947212
976941
996829
