1708
3561
5637
5637
8059
8059
9161
15828
17091
17993
20985
24967
30282
31780
32707
34071
42030
43290
43885
48427
67487
67778
72699
77384
77834
81516
92345
96174
100555
102078
102250
103355
103566
104722
110719
111200
113209
115754
127304
129722
151350
159057
160831
169716
183528
194165
197919
206130
215470
218842
219036
223502
232481
235446
239797
242827
249587
250238
260030
265802
265803
272074
281736
292216
309356
312845
320407
323194
324382
339760
354884
358465
359737
364153
368213
376865
402475
410056
422602
430262
436103
445290
466666
470779
474676
476004
478948
487022
495127
500136
500584
523708
527800
556309
560552
562774
563954
566032
568368
575358
578021
591534
597020
598698
608898
608899
609233
614782
626307
627489
645491
653373
673903
679531
680482
683515
685086
693110
705564
712370
727289
728374
728840
734796
746706
762819
776992
776992
807030
815459
825773
827802
832724
859345
860399
865640
876889
879875
882085
898033
900014
925931
928327
935136
936750
947212
965891
976941
996829
999518
