1708
3561
5637
5637
8059
8059
20985
30282
31780
32707
42030
43290
43885
67487
72699
92345
96174
102250
103355
110719
111200
127304
129722
151350
159057
183528
194165
197919
206130
218842
223502
232481
235446
239797
242827
249587
260030
265802
265803
309356
312845
320407
323194
324382
339760
358465
359737
368213
376865
402475
410056
422602
430262
445290
466666
470779
474676
476004
478948
487022
500584
523708
556309
562774
563954
566032
568368
578021
597020
608898
608899
609233
614782
626307
645491
673903
679531
680482
683515
685086
705564
728374
728840
734796
746706
762819
776992
776992
807030
815459
825773
827802
832724
859345
876889
879875
882085
898033
900014
928327
935136
947212
976941
996829
999518
