1708
3561
5637
9161
17091
17993
24967
30282
32707
34071
42030
43290
43885
48427
67487
67778
77384
77834
81516
92345
96174
100555
102078
102250
103566
104722
110719
113209
115754
127304
160831
169716
183528
215470
219036
223502
232481
235446
239797
242827
249587
250238
265802
265803
272074
281736
292216
309356
312845
324382
354884
359737
364153
402475
410056
422602
436103
466666
470779
476004
495127
500136
500584
527800
560552
562774
563954
566032
568368
575358
578021
591534
598698
608898
608899
614782
626307
627489
645491
653373
683515
685086
693110
712370
727289
728374
728840
734796
762819
807030
815459
825773
827802
832724
859345
860399
865640
876889
882085
936750
947212
965891
976941
996829
