409
1822
3342
4352
4352
5637
5637
5716
6162
8059
8059
8981
9722
9853
11317
11474
12306
12471
12919
12919
14610
14673
16374
17345
17364
19165
19311
20247
20985
23017
23433
26350
26572
28091
28092
29119
30282
31780
32707
35254
35516
35715
39160
39194
40065
40095
41245
42030
42681
46437
51918
54009
54989
55661
57433
67487
68569
70095
70584
71198
71327
72699
73152
77400
78873
81342
82151
82180
83860
85378
88298
88478
92345
95261
96668
101419
101920
102250
106862
106970
107766
108882
109802
110078
110281
110719
111126
111200
113250
113937
115739
123270
123778
126869
129485
129722
131127
133307
134975
135410
141059
149034
150438
152748
153987
157303
159057
159149
159633
160575
165753
167020
168985
169614
171735
172475
172783
175345
178283
179470
183528
185520
186763
187502
191128
191279
194165
197919
204419
206130
207644
215666
218842
223502
224550
225112
226563
231794
232481
232611
235446
237515
237887
239949
242827
244212
246171
248750
249189
249413
249587
252940
257114
258300
260030
260337
261157
269953
273298
276891
277336
277509
280597
283094
292216
293008
296151
296178
309356
312578
316676
323194
323449
323781
324631
326335
329003
329270
330717
333974
336913
336969
339760
340425
342549
344000
346198
348608
348820
351011
352916
354477
354884
355030
357696
358465
359639
359737
361690
363161
363161
366576
366830
368018
368213
376294
376865
378117
381805
382658
382880
386256
388597
395336
397232
402475
408921
412079
415937
416314
417276
419049
419049
420264
420680
422638
424284
430262
431840
435016
441146
442903
443108
443329
443337
446264
449413
452732
457989
464489
470779
471321
471902
473501
474676
476004
476579
478948
478955
479019
480979
480981
482055
486003
486121
487022
489591
494649
494792
497844
499779
500584
504444
504672
506749
507739
515210
521722
522180
522885
523708
528354
530335
530790
530978
531529
531529
534298
537344
539312
542285
544776
545941
546975
549430
550901
552632
556068
556202
556309
561906
563438
566032
568368
568614
576994
578381
580642
582286
583005
586713
587985
589909
597020
597645
598156
602442
602699
602988
605945
606012
606261
609233
614782
620383
620873
622412
622794
624646
626307
628191
628303
631540
634142
636571
645805
649288
651545
652837
653989
655077
655668
656176
656345
656537
659002
663373
664566
666032
666622
667401
667451
670532
671962
673903
677375
678381
679362
679531
680482
681506
682234
684565
685032
685086
698739
701986
702266
705564
707452
708350
710420
712370
714027
714855
717908
719558
719599
725921
726055
727289
728374
728840
730912
732485
733478
734517
734749
734796
739311
741732
742774
746317
746706
746968
748213
751991
752422
754027
754411
759337
762819
769669
769669
769680
770803
772359
775602
776555
776992
776992
779486
780117
781917
782285
784414
785391
787617
787854
791682
793058
794824
795430
797831
799450
803678
805638
805686
807030
812538
815789
824863
825773
826686
827802
827811
830363
832724
836865
840025
840966
842518
847641
848943
849016
854098
859345
859958
860192
862849
865779
866410
866721
870030
873722
874486
876889
879875
882085
883455
884719
885747
889135
891382
892171
896081
898033
898319
899521
900014
900049
906553
907895
908817
911511
916185
916754
920023
920804
921092
923090
924201
925931
927230
928327
930097
931515
932315
932794
935136
937081
939638
941231
942662
944044
945960
947646
948858
949025
951518
953501
954105
958195
961593
964445
965044
965538
968835
969862
972048
975603
976941
978575
978683
982559
983769
985279
986772
990237
990531
994143
996829
997338
999518
999525
