409
3342
4352
4352
5637
5637
5716
6162
8059
8059
8981
9853
12919
12919
14673
16374
19165
20985
26350
26572
28091
28092
29119
30282
31780
35254
39160
42030
54989
70095
70584
82151
82180
83860
88298
88478
92345
101920
102250
106970
111126
113937
129722
141059
159057
159149
165753
167020
168985
169614
172475
172783
179470
185520
191128
194165
197919
206130
207644
218842
225112
235446
244212
246171
249189
249413
260030
260337
261157
276891
277509
296151
296178
312578
329003
333974
336969
340425
348608
359639
368018
376865
382658
382880
395336
419049
420264
431840
435016
441146
443329
452732
457989
470779
471902
474676
476004
478948
478955
487022
497844
500584
504672
521722
528354
530335
530978
531529
534298
537344
539312
546975
549430
552632
556068
556202
563438
568368
576994
580642
583005
587985
589909
597020
598156
606012
606261
609233
614782
622412
626307
631540
636571
659002
666622
671962
673903
678381
679362
680482
682234
684565
685086
701986
712370
714027
719558
727289
728840
733478
734749
734796
739311
742774
746706
748213
751991
759337
769669
769669
772359
776992
776992
787617
793058
794824
805638
812538
824863
827802
827811
830363
836865
854098
859958
860192
865779
866721
870030
874486
876889
879875
882085
891382
898033
898319
900014
916185
921092
925931
927230
930097
932794
935136
942662
948858
951518
968835
978575
985279
990531
999518
