409
1206
1708
1822
2087
2215
3173
3342
3379
3561
3621
4352
4352
4439
4439
5637
5637
5716
5892
6162
6836
6837
7497
7641
8059
8059
8110
8111
8131
8293
8310
8530
8544
8981
9161
9561
9722
9853
10066
10071
11317
11474
11655
11764
12306
12471
12919
12919
13413
14246
14610
14673
15149
15653
15828
16374
16393
17091
17345
17364
17993
18671
19165
19311
19329
20247
20985
23017
23333
23433
23932
24316
24967
25485
25487
26048
26350
26572
26922
28091
28092
28594
29119
30282
30527
31019
31218
31780
32707
32839
33822
34071
34452
34657
34998
35254
35516
35533
35715
35813
36678
37103
37877
38115
38116
38167
38917
39036
39160
39194
40035
40065
40095
41222
41245
41570
41856
42030
42681
42874
43290
43731
43776
43885
44323
44425
44945
46437
46437
46636
48427
51317
51918
52325
53077
54009
54583
54989
55661
56219
56509
57433
57517
58144
58641
60004
60073
60969
62706
64069
64440
64463
65296
65380
66579
67335
67487
67738
67778
68561
68569
69113
69597
69998
69999
70095
70584
71155
71198
71281
71327
72699
73152
73856
75843
76414
76965
77384
77400
77834
78873
80031
80049
80463
81342
81516
81546
82151
82180
82286
82436
83843
83860
84288
85378
85540
85978
86579
88298
88478
90440
90517
90842
91017
92345
93304
94491
94696
94847
94864
95261
95480
95906
96174
96325
96668
97095
98203
99393
99556
100053
100555
101419
101920
102078
102079
102250
102353
102549
102991
103143
103355
103566
103759
104095
104144
104486
104722
105385
105544
106199
106862
106970
107766
107815
107916
108459
108468
108882
109769
109802
110078
110130
110247
110281
110358
110498
110719
111126
111200
111479
111559
111920
112365
113209
113250
113937
114262
114681
115429
115739
115754
115906
116123
118056
118316
118317
119251
119802
121508
122123
122801
123270
123778
124322
124352
125776
126661
126869
127304
127310
127565
128073
129430
129444
129485
129722
131127
131838
132719
133159
133307
133478
133741
133864
134584
134734
134975
135410
135562
136178
137023
137935
139167
139275
139789
140512
140762
141059
141400
145784
146858
147343
147344
148215
149034
150014
150438
150642
150679
150899
151145
151350
152748
153987
154393
157232
157303
158248
159057
159149
159633
159791
160248
160363
160364
160575
160785
160831
162177
162801
162877
163797
165292
165342
165344
165587
165727
165753
167020
167974
168942
168985
169236
169611
169614
169716
170791
171735
172475
172783
173803
174445
174533
174879
175242
175345
176749
176827
177099
177444
177792
178129
178283
179470
180729
180862
181443
182273
182690
183029
183276
183528
184873
185520
185854
186708
186763
187502
187785
188065
188729
190017
191128
191279
192925
194165
195990
196139
196994
197010
197919
198771
199173
199438
200355
201194
202565
202981
203306
204419
205169
205729
206130
206412
207644
209288
209592
209798
209962
211214
211903
211978
212977
213022
213435
213456
215470
215537
215666
216763
217082
217222
217884
218421
218842
219036
221300
223066
223117
223502
223961
224464
224550
225112
225771
226334
226563
227866
228332
230117
231166
231305
231794
232481
232534
232611
232611
234496
234658
235095
235098
235446
235951
237108
237515
237887
238307
239797
239949
241576
241723
242695
242827
244212
245249
245389
245446
246055
246171
247413
247473
247508
248037
248750
249065
249189
249413
249587
250238
250322
252628
252915
252940
255380
255906
255911
257114
257995
258300
259910
260030
260337
261157
261547
262213
265802
265803
266134
266485
266961
267185
267309
267804
267864
268949
269953
270168
270399
270485
271656
272074
272291
273298
274135
274640
274927
275276
275347
275550
276798
276891
277075
277305
277336
277509
277707
278164
278794
280230
280341
280597
281236
281736
281839
282562
283094
284703
284762
284927
286458
287590
288247
288977
289188
290197
290293
290776
291868
292216
293008
293993
294351
295341
296151
296178
296478
296986
298884
299142
300128
302210
302238
303328
304352
304353
305316
305701
305950
305964
306154
306259
306543
306772
309161
309356
310004
310501
310969
311294
312530
312578
312845
313470
313476
314490
315205
315275
316676
316772
317034
317245
320189
320407
321033
321719
321925
322226
322880
323194
323267
323449
323781
324089
324382
324631
325331
326335
326836
327490
329003
329270
329327
329625
329996
330214
330484
330590
330717
330904
331028
331899
332152
333199
333547
333974
333999
335223
335961
336572
336913
336969
337545
338771
339760
340098
340381
340425
341073
341112
341585
342549
342575
343434
344000
345922
346198
346361
348608
348820
351011
351185
352916
354477
354884
355030
357696
358465
359639
359737
359884
361140
361290
361690
362405
363161
363161
364002
364073
364153
364846
366576
366830
366851
368018
368213
369091
371446
372023
372781
373185
375685
376294
376865
378117
379816
380757
381685
381805
382549
382658
382880
382933
383570
384532
385228
386256
387310
388597
388733
388854
388902
389118
389224
393254
394651
395202
395336
397232
397911
398105
398698
399097
399526
400072
401793
402127
402475
402481
404798
404950
406284
407208
407490
407913
408921
410056
411534
412079
412386
413654
413699
414755
414782
415937
416314
416407
416408
416491
417276
417459
418447
418590
418910
419049
419049
420247
420264
420680
421208
422253
422459
422602
422638
422919
423332
424201
424284
424615
424805
424903
425512
426057
426072
426300
426863
427231
427313
428622
429245
430262
430554
430633
431840
432820
433866
433867
434636
434637
435016
436103
436579
437897
438184
438246
441112
441146
441393
442680
442903
443108
443269
443307
443329
443337
444293
444979
445290
445356
446032
446221
446264
446410
446519
447850
447983
448527
449413
451911
452732
454458
455548
456126
456533
456754
457530
457621
457811
457989
459531
464266
464274
464489
465124
465842
466666
467552
468414
469376
470779
471321
471694
471902
472504
473501
474118
474138
474676
476004
476379
476579
478948
478955
479019
480026
480026
480358
480979
480981
482055
482081
482485
484479
485344
486003
486121
486504
487022
488886
489591
490248
490319
491297
491339
493033
494224
494649
494766
494792
495127
495530
495844
495992
496167
496653
497148
497841
497844
498903
499238
499720
499779
500131
500136
500212
500584
501272
501460
501581
503798
504444
504672
505630
505639
506749
507739
507946
508170
509624
510107
511256
514762
515210
516424
517246
518216
518249
518287
521722
522180
522885
523708
524555
525652
526287
527091
527149
527800
528267
528354
528714
530335
530518
530774
530790
530978
531529
531529
533410
533890
534298
534345
537344
537765
537829
538101
539071
539212
539312
539944
540517
541277
542189
542285
543344
544664
544776
545672
545718
545723
545941
546510
546975
547519
548097
549430
550009
550901
552632
552859
552947
554284
556068
556202
556309
556660
557766
558026
558131
560499
560501
560552
561325
561347
561906
562085
562364
562774
563060
563438
563954
564604
566032
566602
568368
568396
568614
568791
568953
569651
571733
572024
573000
573557
573777
575358
575522
575823
576802
576994
578021
578381
579030
579261
580642
582079
582286
582314
582444
582457
582882
583005
583732
584150
584310
584851
585286
585419
585919
586164
586256
586713
587429
587431
587985
588665
589302
589864
589909
589914
591534
591932
593359
593984
594322
595400
595405
597020
597645
598156
598698
600532
601794
602442
602699
602988
604792
605844
605944
605945
606012
606261
606288
607973
608670
608740
608898
608899
609233
609327
609530
609747
612128
612272
612813
612901
614782
615417
615888
616020
616952
617138
617248
617563
617605
618055
618328
620383
620873
622358
622412
622794
623701
624486
624646
625437
626263
626307
626362
626765
626823
627489
627830
628191
628303
630834
631447
631447
631540
632571
633058
633390
634142
634757
635201
635371
636571
636709
637471
637866
639670
640279
641480
641871
642451
643190
643399
643712
645491
645599
645805
649288
651545
651590
652137
652189
652837
653333
653373
653989
655077
655355
655668
655749
656012
656176
656345
656537
656556
656662
657134
657624
659002
660024
660139
660335
661017
661624
661625
663373
664111
664212
664231
664566
665784
666032
666622
667401
667451
669452
669925
670532
671913
671962
672382
672550
673554
673668
673903
675241
675304
676609
677375
677549
677812
678381
678599
679362
679531
680482
681197
681358
681506
681757
682234
682287
682437
682881
682882
683182
683515
683915
684031
684565
685032
685050
685086
685714
687299
688196
688653
691983
693110
693907
694067
694104
695594
695679
695693
696645
698332
698601
698739
698756
700149
700515
700855
701986
702266
702289
702718
703251
704707
705564
706965
707452
708350
708854
710165
710224
710420
712370
714027
714385
714750
714855
715140
715605
717449
717908
718124
718486
718535
719421
719558
719599
719816
722224
724474
724622
725703
725830
725921
726055
726786
727257
727289
728374
728840
729940
730105
730410
730872
730883
730912
732485
733478
734517
734749
734796
735000
738001
739311
741091
741629
741732
742774
744406
746317
746706
746933
746968
747085
747092
747150
747702
747914
747963
748125
748213
749365
749395
749677
750207
751942
751991
752102
752422
754027
754411
756841
757858
759337
759651
762454
762757
762819
762948
763451
765305
765409
766023
766617
768083
768426
769669
769669
769680
769747
770083
770149
770617
770803
770835
771312
772359
773008
774918
774972
775278
775602
775927
776555
776992
776992
777979
779486
780117
780774
781595
781917
782285
782617
784102
784414
784676
785391
786856
787617
787682
787854
789767
790176
790251
790725
791437
791682
793058
793539
793835
794288
794824
794954
794990
795430
795957
797797
797831
798139
799450
799682
799701
800202
800674
800714
801386
802426
802746
802863
803130
803678
804180
805175
805342
805638
805686
806415
806531
807030
807281
809014
809626
810168
810298
811708
811876
812386
812538
813368
813608
814313
814510
814539
814704
815447
815459
815789
819964
820019
820212
821182
821531
823488
823508
824123
824863
825062
825478
825773
826174
826683
826686
827802
827811
828167
828448
828516
828517
828540
828665
830363
830875
831554
832724
833384
834324
834558
834678
835121
835328
835884
836865
840025
840966
841047
842248
842249
842518
842753
844401
844944
845846
846284
847641
848099
848364
848365
848499
848943
849016
849311
849324
853659
854098
854646
856747
857190
857319
858098
858473
859268
859345
859958
860192
860399
860768
861355
861606
862849
865210
865640
865779
866410
866721
866817
867829
868937
869720
870030
871208
872569
873722
874486
876889
878053
878819
879558
879700
879816
879875
881158
881770
882085
883455
883832
884099
884554
884588
884719
885747
886992
887558
888943
889135
890013
890495
890625
890990
890991
891296
891382
891797
892171
892622
894685
894688
895573
895787
896081
897654
897660
898033
898067
898319
898328
898465
899521
899861
900014
900049
903865
904311
906338
906364
906553
906716
907895
908787
908817
908872
909210
911125
911511
912533
912869
916009
916081
916185
916754
916991
917138
918587
918687
918724
919600
920023
920681
920748
920804
920996
921056
921092
921643
922954
923090
923374
924201
924868
925931
925969
927230
927489
928327
928511
929294
930003
930097
930638
931515
932315
932794
933982
934840
935136
935421
935736
936750
937081
937979
938367
938891
939638
939649
939856
941231
942662
943325
944044
944970
945960
946886
947212
947646
947833
948052
948858
949025
949882
950620
951232
951345
951518
951969
953501
953893
954105
954271
955184
955864
956079
958195
960974
961291
961314
961395
961541
961593
961987
963258
964445
964969
965044
965538
965891
966437
967426
967573
968355
968835
969862
971883
972048
972862
973694
975033
975305
975603
975966
976276
976783
976941
977593
978575
978683
978742
980530
981955
982354
982559
983769
984078
985017
985279
985576
985877
985984
986324
986696
986772
987619
989052
990237
990432
990531
992219
993207
993848
994143
994996
996823
996829
997338
999111
999518
999525
