409
1206
1822
2087
2215
3173
3561
3621
4352
4352
5637
5637
5716
6162
6836
6837
8059
8059
8110
8111
8310
8530
8981
9853
11474
12306
12919
12919
14610
16374
17091
17345
17364
17993
19311
20985
23433
26350
26572
26922
28091
28092
29119
30282
31218
31780
32707
33822
35254
37877
38115
38116
39160
42030
42681
43885
51317
53077
54009
55661
66579
67487
68569
69113
69998
69999
70095
70584
72699
77384
78873
81342
81516
82151
83860
88298
91017
92345
95261
95480
100555
101920
102250
102549
103566
104722
106199
106970
110078
110719
111126
111559
111920
118316
118317
123778
124322
124352
129444
129722
147343
147344
150438
150642
159057
159149
165753
167020
167974
169614
171735
172475
172783
177099
179470
182690
183528
184873
185520
191128
191279
194165
197919
206130
207644
215666
218842
223502
226563
232481
235095
235446
237515
239949
242827
244212
246171
248750
249189
249413
250238
252628
252940
255911
257114
258300
260337
261157
265802
265803
269953
275550
276798
276891
287590
289188
290776
292216
293993
296151
306543
309356
312578
323449
326335
329003
336969
339760
340381
344000
348608
351011
354884
358465
359737
361690
368018
376865
378117
381685
381805
382658
382880
388854
389224
395336
397232
401793
402475
408921
410056
416314
416407
416408
419049
419049
420264
424201
429245
431840
435016
441146
443329
447983
452732
454458
457989
466666
470779
471902
473501
474676
476004
478948
478955
479019
486003
486121
486504
487022
488886
491297
494649
495992
496167
497844
499779
500584
501581
504444
504672
506749
521722
522180
523708
525652
528267
530978
531529
531529
534298
539312
542285
543344
545718
545941
546975
549430
550901
552632
552859
552947
554284
556202
556309
562085
563438
566032
568368
573777
575358
576994
580642
582286
582457
584851
586164
587431
587985
589302
589909
591534
597020
598156
605945
606012
606261
608898
608899
609233
614782
620383
622412
626307
627489
628303
631540
636571
639670
645599
651545
653373
655077
656176
656345
660024
664212
664231
667401
671962
673903
675304
677375
678381
678599
679362
680482
681358
682234
684565
685032
685086
693110
698332
698756
701986
702266
707452
708350
712370
714027
717908
719558
724622
725830
725921
727289
728374
728840
730912
732485
733478
734749
734796
739311
742774
746706
747150
748213
751942
751991
754027
759337
765409
769669
769669
772359
775602
776992
776992
779486
780117
782285
784102
790251
791682
793835
794824
795430
799450
802426
802746
803678
805638
805686
806415
807030
812538
815789
824863
825773
826174
826686
827802
827811
830363
832724
835121
836865
848499
859345
859958
860192
865779
866721
866817
870030
874486
876889
879875
882085
890013
890625
890990
890991
891382
892171
895787
898033
899521
900014
903865
907895
911511
912533
912869
916185
921092
924201
925931
925969
927230
928327
931515
932794
935136
937081
947646
948858
951518
955184
958195
964445
968835
969862
975603
976941
978575
985279
986772
990531
993207
994143
996829
999518
999525
