5637
5637
8059
8059
12919
12919
20985
29119
31780
39160
82151
88298
106970
111126
129722
159057
165753
179470
197919
206130
207644
218842
244212
260337
276891
312578
329003
336969
348608
368018
382658
382880
395336
419049
441146
443329
452732
457989
471902
476004
478948
478955
531529
580642
587985
589909
606261
609233
631540
636571
671962
673903
679362
680482
685086
701986
712370
734749
772359
794824
824863
827811
830363
836865
859958
860192
865779
879875
900014
916185
932794
948858
968835
999518
