409
1206
1708
1822
2087
2215
3173
3342
3561
3621
4352
4352
4439
5637
5637
5716
6162
6836
6837
7497
7641
8059
8059
8110
8111
8293
8310
8530
8544
8981
9722
9853
10066
10071
11317
11474
11764
12306
12471
12919
12919
14610
14673
15149
16374
16393
17345
17364
19165
19311
20247
20985
23017
23333
23433
24316
24967
25485
25487
26048
26350
26572
26922
28091
28092
28594
29119
30282
31218
31780
32707
33822
34071
34452
34657
34998
35254
35516
35715
35813
37103
37877
38115
38116
39036
39160
39194
40035
40065
40095
41245
41570
42030
42681
43290
43776
43885
44425
46437
46437
48427
51918
52325
54009
54583
54989
55661
56219
56509
57433
58641
62706
64440
67487
68569
69113
69597
69998
69999
70095
70584
71155
71198
71281
71327
72699
73152
73856
75843
77400
78873
80049
81342
82151
82180
82436
83843
83860
84288
85378
85978
86579
88298
88478
90440
90517
90842
92345
94696
94847
94864
95261
95480
95906
96174
96668
98203
99393
99556
101419
101920
102078
102250
102549
102991
103355
106199
106862
106970
107766
107916
108459
108882
109802
110078
110130
110247
110281
110358
110719
111126
111200
111920
112365
113250
113937
115739
116123
118316
118317
119802
122123
123270
123778
124322
126661
126869
127304
127310
128073
129430
129485
129722
131127
131838
132719
133307
133478
133741
133864
134975
135410
135562
136178
137935
139167
139789
140762
141059
141400
146858
147343
147344
148215
149034
150438
151350
152748
153987
157232
157303
158248
159057
159149
159633
160363
160364
160575
160785
160831
163797
165292
165342
165344
165727
165753
167020
167974
168942
168985
169614
170791
171735
172475
172783
173803
174445
175242
175345
178129
178283
179470
180862
183029
183528
184873
185520
185854
186763
187502
190017
191128
191279
194165
196139
196994
197010
197919
199438
201194
202981
203306
204419
205169
206130
206412
207644
209288
209592
211214
212977
213435
213456
215666
217082
217884
218421
218842
221300
223066
223502
223961
224550
225112
226563
228332
230117
231305
231794
232481
232611
234496
234658
235446
235951
237108
237515
237887
239797
239949
241576
241723
242695
242827
244212
245249
245389
246055
246171
247473
248750
249189
249413
249587
250322
252628
252940
255911
257114
257995
258300
260030
260337
261157
265802
265803
267185
267804
269953
272291
273298
274135
276891
277075
277336
277509
278164
280230
280341
280597
281736
282562
283094
284762
286458
287590
288247
290197
291868
292216
293008
294351
295341
296151
296178
298884
302210
302238
305316
305701
306259
306543
306772
309161
309356
310501
312530
312578
312845
313470
315205
316676
316772
317245
320407
321033
322226
323194
323449
323781
324382
324631
325331
326335
327490
329003
329270
329625
329996
330484
330717
331899
332152
333974
335961
336572
336913
336969
337545
338771
339760
340098
340425
341073
341112
341585
342549
342575
343434
344000
345922
346198
348608
348820
351011
352916
354477
354884
355030
357696
358465
359639
359737
359884
361140
361690
362405
363161
363161
364153
366576
366830
368018
368213
369091
371446
372781
373185
375685
376294
376865
378117
380757
381685
381805
382549
382658
382880
384532
385228
386256
388597
388733
388854
388902
389118
389224
395202
395336
397232
397911
398105
399097
399526
400072
401793
402475
402481
404798
404950
406284
407913
408921
410056
411534
412079
413654
414755
415937
416314
416407
416408
417276
418590
419049
419049
420264
420680
421208
422253
422459
422602
422638
422919
423332
424201
424284
424903
426057
426072
426300
427231
428622
429245
430262
430554
430633
431840
432820
433866
433867
434636
434637
435016
437897
438246
441146
441393
442903
443108
443269
443329
443337
444979
445290
446032
446221
446264
447983
449413
451911
452732
455548
457530
457621
457989
464274
464489
466666
467552
468414
469376
470779
471321
471902
472504
473501
474118
474676
476004
476379
476579
478948
478955
479019
480026
480026
480979
480981
482055
484479
485344
486003
486121
486504
487022
489591
490319
493033
494649
494766
494792
495127
495530
495844
495992
496653
497148
497841
497844
499238
499779
500131
500136
500212
500584
501272
501581
504444
504672
505639
506749
507739
507946
508170
510107
511256
515210
516424
517246
518249
518287
521722
522180
522885
523708
525652
527149
527800
528267
528354
530335
530518
530790
530978
531529
531529
533890
534298
537344
537829
539312
539944
542285
543344
544776
545672
545718
545941
546510
546975
548097
549430
550901
552632
552859
552947
556068
556202
556309
556660
558026
558131
560501
561325
561906
562085
562774
563438
563954
566032
568368
568396
568614
568953
569651
571733
573557
575823
576802
576994
578021
578381
580642
582079
582286
582444
582882
583005
583732
584150
584851
586164
586256
586713
587985
589302
589864
589909
589914
591932
593984
595405
597020
597645
598156
602442
602699
602988
605945
606012
606261
607973
608670
608898
608899
609233
609747
612128
612272
612813
612901
614782
616952
617563
620383
620873
622412
622794
624486
624646
626263
626307
626823
627489
628191
628303
631540
632571
634142
636571
637471
639670
640279
641480
643190
645491
645599
645805
649288
651545
651590
652137
652837
653989
655077
655668
656176
656345
656537
657624
659002
660139
661017
663373
664111
664566
665784
666032
666622
667401
667451
669452
669925
670532
671962
672550
673554
673903
675241
675304
677375
677549
677812
678381
678599
679362
679531
680482
681506
682234
682437
682881
682882
683182
683515
683915
684031
684565
685032
685086
687299
688196
696645
698739
698756
701986
702266
702718
704707
705564
707452
708350
708854
710224
710420
712370
714027
714385
714750
714855
715140
717908
718486
719558
719599
724474
724622
725703
725921
726055
726786
727257
727289
728374
728840
729940
730105
730410
730912
732485
733478
734517
734749
734796
735000
739311
741629
741732
742774
744406
746317
746706
746933
746968
747092
748213
749395
749677
751942
751991
752102
752422
754027
754411
756841
757858
759337
762757
762819
762948
763451
765409
766023
768083
768426
769669
769669
769680
770149
770617
770803
771312
772359
773008
775278
775602
775927
776555
776992
776992
779486
780117
781595
781917
782285
784102
784414
785391
787617
787854
790176
791682
793058
793835
794288
794824
794954
794990
795430
795957
797831
798139
799450
799701
801386
802426
803678
804180
805342
805638
805686
806415
806531
807030
812538
813608
814313
814510
814539
815459
815789
819964
821182
823488
823508
824863
825773
826174
826686
827802
827811
830363
830875
831554
832724
834324
835328
836865
840025
840966
842518
844401
846284
847641
848364
848365
848943
849016
849324
854098
854646
857190
857319
858098
859345
859958
860192
860399
861355
861606
862849
865210
865640
865779
866410
866721
866817
868937
869720
870030
872569
873722
874486
876889
878819
879875
881158
882085
883455
883832
884588
884719
885747
887558
889135
890625
890990
890991
891296
891382
891797
892171
894685
894688
895573
896081
898033
898067
898319
898465
899521
900014
900049
906364
906553
906716
907895
908817
908872
909210
911511
912869
916009
916185
916754
918724
920023
920804
920996
921056
921092
923090
923374
924201
925931
925969
927230
928327
930097
930638
931515
932315
932794
934840
935136
935421
937081
937979
939638
939856
941231
942662
944044
945960
947212
947646
948052
948858
949025
949882
951345
951518
951969
953501
954105
958195
961395
961541
961593
961987
964445
965044
965538
966437
968355
968835
969862
971883
972048
972862
975033
975603
975966
976276
976783
976941
978575
978683
982559
983769
985017
985279
985576
985984
986324
986696
986772
990237
990531
994143
994996
996829
997338
999518
999525
