5637
5637
8059
8059
20985
30282
31780
32707
42030
67487
72699
92345
102250
110719
111200
129722
159057
183528
194165
197919
206130
218842
223502
232481
235446
242827
249587
260030
292216
309356
323194
339760
354884
358465
359737
368213
376865
402475
430262
470779
474676
476004
478948
487022
500584
523708
556309
566032
568368
597020
609233
614782
626307
673903
679531
680482
685086
705564
712370
727289
728374
728840
734796
746706
762819
776992
776992
807030
825773
827802
832724
859345
876889
879875
882085
898033
900014
925931
928327
935136
976941
996829
999518
