409
1822
4352
4352
5637
5637
5716
6162
8059
8059
8981
9853
11474
12306
12919
12919
14610
16374
17345
17364
19311
20985
23433
26350
26572
28091
28092
29119
30282
31780
32707
35254
39160
42030
42681
54009
55661
67487
68569
70095
70584
72699
78873
81342
82151
83860
88298
92345
95261
101920
102250
106970
110078
110719
111126
123778
129722
150438
159057
159149
165753
167020
169614
171735
172475
172783
179470
183528
185520
191128
191279
194165
197919
206130
207644
215666
218842
223502
226563
232481
235446
237515
239949
242827
244212
246171
248750
249189
249413
252940
257114
258300
260337
261157
269953
276891
292216
296151
309356
312578
323449
326335
329003
336969
339760
344000
348608
351011
354884
358465
359737
361690
368018
376865
378117
381805
382658
382880
395336
397232
402475
408921
416314
419049
419049
420264
431840
435016
441146
443329
452732
457989
470779
471902
473501
474676
476004
478948
478955
479019
486003
486121
487022
494649
497844
499779
500584
504444
504672
506749
521722
522180
523708
530978
531529
531529
534298
539312
542285
545941
546975
549430
550901
552632
556202
556309
563438
566032
568368
576994
580642
582286
587985
589909
597020
598156
605945
606012
606261
609233
614782
620383
622412
626307
628303
631540
636571
651545
655077
656176
656345
667401
671962
673903
677375
678381
679362
680482
682234
684565
685032
685086
701986
702266
707452
708350
712370
714027
717908
719558
725921
727289
728374
728840
730912
732485
733478
734749
734796
739311
742774
746706
748213
751991
754027
759337
769669
769669
772359
775602
776992
776992
779486
780117
782285
791682
794824
795430
799450
803678
805638
805686
807030
812538
815789
824863
825773
826686
827802
827811
830363
832724
836865
859345
859958
860192
865779
866721
870030
874486
876889
879875
882085
891382
892171
898033
899521
900014
907895
911511
916185
921092
924201
925931
927230
928327
931515
932794
935136
937081
947646
948858
951518
958195
964445
968835
969862
975603
976941
978575
985279
986772
990531
994143
996829
999518
999525
