467
1153
1235
2803
3774
4775
4775
4829
5336
6188
6944
8050
8742
9033
9298
9340
9957
10132
10297
10771
11169
12453
14844
15673
16066
17048
17367
17902
18552
18922
19519
20875
22419
22802
23713
24152
24581
25506
25800
26035
26052
26386
28108
28424
29956
30778
31600
32710
33884
33889
35510
36999
38404
39012
39687
42065
43767
44675
45250
46102
46508
47481
49570
49813
50034
51032
51442
51622
51816
52492
53149
53430
54928
55009
55875
57996
58036
58719
60535
60773
61287
61825
62147
62440
63369
65449
65458
66825
67307
67307
67411
68076
68102
69485
69946
70214
70837
72601
74112
74761
75268
75557
75560
75863
77004
80006
80071
80087
80619
82231
82486
85376
86722
86970
86986
87932
88081
88265
91950
92111
92288
92733
94884
95276
97615
99232
100330
100691
101275
103499
104038
104117
105584
105686
105808
105928
107405
108371
109358
109792
109971
110176
111967
112166
112209
112508
115552
116235
117702
118187
119329
119633
119913
121376
121555
121810
122545
122874
123357
123831
125876
126075
126386
126640
126864
127143
129636
129949
131112
134116
134396
134907
135147
136835
136867
137257
137782
138798
138997
139269
139563
139712
141082
141243
141360
143897
143897
144356
144398
145950
146662
147855
148441
148635
148922
149779
151906
152143
152144
152145
156503
158298
159894
159979
160755
161106
162241
162499
162802
164605
165725
166740
167119
167985
167986
168187
170026
170795
171014
172511
172910
172973
173764
174163
174715
176051
177058
177238
177718
178768
179510
179580
179597
180831
181421
183491
184255
184710
186303
188357
188437
189768
190478
191847
193568
193683
194177
195925
196081
196781
198700
199696
200489
200884
200884
201889
203982
204284
207308
207900
208110
208596
210097
210849
210940
211251
211608
211637
212289
212872
213712
215134
215149
215310
215962
218171
218657
223655
223926
224215
224627
224627
225671
226425
226856
227238
229678
229926
231688
232771
234053
234735
236280
236629
237519
237736
239586
240068
240170
242639
242937
243969
246291
247251
248158
250367
250639
251849
252547
253703
254489
257186
258683
258751
259337
259630
262748
264040
264246
265294
265422
267351
267351
267522
267615
268229
270224
271373
272155
272942
273041
273954
275198
275748
276331
276496
276819
278928
280373
281787
282240
282296
283009
283350
284291
286794
287637
288121
289938
290749
290921
290921
291193
291527
293053
293081
293082
293083
293083
293206
293307
294086
294160
294389
295239
295302
296734
297147
297939
298127
298601
299130
302891
302891
304429
304446
304446
304641
304679
304759
305321
308014
311801
311901
314172
319845
320271
321216
321353
321368
323230
324686
325048
325622
327939
327945
328443
328705
328750
329272
329406
331996
332376
333145
333210
333472
334371
334769
336610
336674
338331
338671
342405
343336
343511
343743
346304
346488
347155
347786
348228
348639
348920
349909
350453
350967
351213
351525
351603
351884
352369
354826
354827
355679
355689
356318
356697
357150
359255
360051
360295
360591
361503
362207
363933
365300
365437
365487
366874
369712
369776
370174
370512
370889
371468
372566
373738
375166
375454
376871
377062
377877
380898
381509
382941
383509
384619
385127
386976
387446
387754
388313
388572
388627
389532
390210
393068
393091
393416
395070
395183
396458
396482
396857
397143
398383
398848
399090
399215
400491
401296
401321
401367
401404
403502
403621
403691
403754
404560
406489
406526
407124
408146
408234
408709
409599
410311
410347
410741
410948
411775
412521
413668
414697
415437
416324
416963
417503
420827
421022
421214
421665
421854
421877
422189
424218
424628
428143
430408
430979
431288
432074
432173
433377
434622
434795
435219
435632
435908
436057
437196
437292
437329
437709
439036
439053
439534
440910
442170
442781
444117
444860
444943
446269
446732
447870
450036
452097
452830
453030
453378
453559
453578
454580
455029
456044
456420
457676
458464
459030
460133
460763
460764
462881
463183
464379
464584
466004
466108
466144
466552
466769
466815
467363
470500
470565
471582
472023
473029
473885
474497
475223
476809
477094
477677
477793
479024
479071
479104
480464
480657
481473
481708
482211
482681
483168
483467
484909
486075
486110
486303
486687
486722
487071
487377
489814
490511
492971
493470
493709
493833
494635
494800
495005
495344
496026
496356
498013
498085
499812
501276
502016
502060
504677
505043
505667
506252
507433
509152
509567
509763
510384
511444
511482
511692
511821
512558
516819
518700
519084
522228
525862
526915
528480
529117
530300
531129
531816
531816
531940
533136
533982
533983
534785
535385
536540
536705
538650
539043
542061
543410
543977
543982
547857
548242
551258
551262
552080
553504
554148
554494
556234
557516
558246
558840
560316
560734
562193
564906
565220
567068
567357
567879
568898
571762
571776
572690
572784
573391
575542
576602
576915
578210
578532
579208
579270
579678
579691
581067
581908
583292
583796
583874
585939
589677
589715
589865
590691
591004
591257
591445
591487
591726
592847
592848
594305
594608
595044
595488
595655
596470
598242
598783
599072
599100
601070
604120
604926
606320
606824
607123
608072
608147
609622
609713
611821
611982
612893
613523
614169
614871
615041
617117
619539
619654
620942
621314
621692
621881
622424
622425
622904
623135
626631
627472
628396
631163
633015
633766
636285
639136
640168
641414
642222
642541
642756
642830
643747
643817
643817
643837
645642
646230
646625
646981
647251
647903
648059
648722
649143
649173
650352
653020
653390
653390
653546
656606
657749
658793
658973
659268
659291
660117
660262
661978
662375
663510
663584
665258
665349
666226
666352
666852
668049
668796
669382
670205
671193
671683
671906
672042
673077
673435
676677
677875
678039
678375
680117
681467
683543
684084
684435
685524
685619
685882
686315
686649
686772
687011
689007
689488
689490
690553
690672
690868
691261
692581
692888
693333
693855
695187
695244
696239
696239
697164
698182
698741
699610
700226
701204
703728
704580
704767
704988
705738
705775
705851
706278
707436
707784
708559
709147
709442
711618
712205
712698
713341
713578
714353
714354
714355
715198
716223
717164
717852
720881
721003
721634
721678
722285
722564
722709
723695
724758
725190
725316
728609
729157
729158
729948
730012
730355
730783
731135
731163
731917
732189
732192
732749
732876
733280
733708
733860
734498
734618
735629
737377
737913
738630
739811
743334
743811
744629
745101
749736
751464
751727
752834
753105
753746
754778
756192
756881
756926
758273
758580
758996
760769
761344
761395
762640
763245
763556
764005
764142
764407
764468
765618
766279
766833
766833
767041
767943
768094
768564
768861
769118
771057
771114
771240
771350
772887
773685
774227
774270
774919
775082
775329
775370
776549
776810
777885
778019
778498
779047
780849
781183
781247
781634
782087
782436
782532
783008
783365
783628
784141
784710
785463
786334
787330
787950
788063
788091
789625
789781
790357
790939
791583
791787
792939
793905
794005
794108
794462
794674
794832
795100
796709
797090
797362
798161
798246
798832
798993
799020
800324
801477
801674
801821
802387
803654
804070
804125
804587
805217
806769
807474
810446
811996
812309
812418
812519
814449
815886
816553
817370
817887
818606
819114
819134
819918
820183
821545
823823
824995
826599
826964
827756
828247
829085
832818
833195
833371
834705
837593
837603
838414
838685
839044
840104
843089
843747
844036
845621
846237
849544
849806
849973
850225
850974
850982
851112
851393
852185
853158
853913
854319
855073
855670
856434
856616
857090
857478
860403
862655
863272
863627
864854
865614
866406
866936
867135
868033
871362
871668
872023
872267
872418
872651
873045
873804
873884
874470
875039
876455
876492
876951
877414
878596
878960
879163
879497
880130
880253
884295
884652
887796
888982
889721
889724
890275
890380
890522
890531
890646
891163
892670
894006
895355
895462
896191
896324
897060
897666
897794
898382
899918
901564
901932
903269
904397
905025
905110
905324
906250
907283
907971
908082
908521
908674
908972
909079
909098
909248
909692
909757
910113
910189
910873
913468
914750
915126
917328
917560
918595
920355
920369
920457
921230
921817
922070
922632
922876
923549
926719
926844
926961
928780
928846
928846
929455
929991
931280
931784
932580
933721
934104
935159
935491
935922
938048
938691
938772
938985
939811
939847
939847
940447
940656
940788
940789
941340
942534
942643
942710
942848
943707
943807
946717
950582
951665
952403
952527
954617
954995
955623
956424
956440
956765
957342
958217
958271
958797
959087
960195
960230
961714
961791
961975
962335
962357
962913
963294
964117
964872
966052
968060
969608
970396
971128
971237
971500
972335
972850
974248
974602
975026
975097
977390
977591
977877
978293
978619
979175
980188
980542
980910
980993
982991
983070
983648
983814
985816
986271
987329
987338
988090
988162
989042
989290
989534
990420
991059
992533
993144
994645
994792
995757
995914
996534
997616
997747
998829
999178
999781
