4775
4775
6944
9340
10297
16066
17048
32710
35510
46102
51816
57996
58719
61287
62147
62440
67307
67411
74761
75557
77004
80619
82231
86986
99232
111967
112508
116235
117702
119329
119633
123831
126640
131112
134396
139269
139712
141082
143897
146662
158298
160755
170026
170795
172973
174163
174715
176051
179580
189768
199696
200884
208596
224215
224627
226425
231688
232771
236280
243969
250367
257186
259337
265294
275748
276819
282296
284291
294389
295239
296734
297147
302891
302891
304446
304759
325048
328443
334769
336610
338331
343511
346304
346488
351213
351884
356697
362207
365487
370889
372566
373738
377062
381509
383509
386976
389532
390210
393068
393416
396857
400491
401296
408234
411775
416324
417503
431288
435219
442170
444117
444943
450036
452097
453030
453578
458464
462881
463183
464379
466815
470500
475223
476809
480464
481708
486075
486110
486303
495005
498085
505043
506252
509152
509567
511444
511821
512558
519084
522228
531816
531816
534785
542061
543977
543982
554148
556234
558840
560316
575542
578210
578532
579678
581908
589677
589865
595655
608072
613523
622904
628396
631163
633015
636285
639136
640168
642756
643837
648059
659291
665349
666226
668796
669382
671683
673435
685619
687011
691261
693855
696239
696239
697164
704580
712205
713578
715198
716223
717852
722564
724758
730012
730355
731163
733280
737377
737913
751464
758273
763245
766279
767943
771240
771350
774227
774919
775082
780849
784141
787950
788091
793905
797090
804070
804587
807474
812418
816553
817370
818606
821545
837603
838414
849544
849806
849973
850225
850974
851112
855073
857478
862655
872267
873804
873884
878596
879497
880253
884295
884652
887796
889721
892670
899918
901932
904397
907971
920355
923549
928846
928846
932580
933721
935159
935922
938048
938691
946717
958797
959087
961714
962913
964872
975097
977390
987338
989534
995914
