8365
21234
22802
32710
44675
48175
48754
63369
66825
69485
72687
80619
86305
104117
105130
117702
123831
132156
165725
170026
172973
174715
224215
253703
264246
284278
293206
331996
346699
350967
363194
373738
416324
475223
479104
493709
495344
498085
500854
508760
522228
589865
591445
593602
596470
640943
643837
649344
690868
692721
703995
704580
717164
719831
720881
730012
730783
732192
732876
743334
753105
766833
767943
774227
787950
812206
815614
817616
845470
850225
853913
856616
872267
880253
887942
895462
897794
921230
935922
943807
951665
966052
966679
977390
989290
990196
994645
