32710
58719
62440
67411
75557
80619
117702
123831
131112
134396
139712
158298
170026
172973
174715
224215
265294
275748
328443
331996
336610
346488
373738
386976
396857
416324
417503
431288
442170
444943
466815
470500
475223
476809
498085
512558
522228
558840
589677
589865
608072
639136
643837
648059
666226
668796
671683
697164
704580
713578
722564
730012
730355
731163
737913
751464
766279
767943
774227
787950
807474
812418
816553
818606
821545
837603
850225
850974
855073
872267
873804
878596
880253
884295
892670
907971
923549
935922
946717
977390
