8365
21234
22802
32710
38404
44675
48175
48754
58719
63369
66825
67023
67411
69485
72687
75557
80071
80619
86305
100691
104117
105130
117702
123831
131112
132156
133215
134396
137782
148441
149988
158298
162802
165725
170026
172973
174715
200884
223926
224215
237519
240170
242639
245313
251849
253703
264246
265294
265715
271373
275748
284278
293083
293206
310686
328750
331996
333210
346488
346699
354826
354827
363194
363933
373738
386976
396857
398383
405037
410948
416324
417503
428143
429901
431288
432173
442170
451449
454933
463487
466815
475223
476809
479104
487377
493709
494635
495344
498085
500854
505861
508760
509912
510384
512558
522228
538650
547857
551258
558840
567879
576915
589677
589865
591004
591445
593602
596470
608072
614169
615041
621881
639136
640943
643837
648059
649344
660117
661704
666226
668796
671683
685882
690868
692721
697164
703995
704580
712698
713578
717164
719831
720881
722564
722709
730012
730355
730783
732192
732876
737913
743334
751464
752834
753105
766279
766833
774227
774270
778019
781247
782532
783365
785463
787950
807474
812206
812418
815614
816553
817616
818606
820183
821545
823823
837603
843089
843747
850225
850974
850982
852185
853913
855073
855647
856287
856616
872267
873804
878596
880253
887942
892670
895462
897794
907971
918595
921230
923549
923741
935922
943807
946717
951665
966052
966679
977390
978293
985816
987329
988090
989290
990196
992456
994645
996534
998090
