4775
4775
4829
6944
9340
10297
10771
12453
14844
16066
17048
18552
22802
24581
26052
26386
32710
33889
35510
36999
38404
42065
43767
46102
49570
51816
53149
53430
57996
58448
58719
60773
61287
62147
62440
63369
65458
66825
67307
67411
69485
70214
70837
74761
75268
75557
77004
80087
80292
80619
82123
82231
82486
86305
86970
86986
88081
91950
99232
104117
105808
108371
111967
112508
115552
116235
117702
119329
119633
121555
123831
126640
126864
129636
131112
133472
134396
135147
136835
136867
137782
138798
138997
139269
139712
141082
142343
143897
146662
147855
149988
158298
159979
160755
162499
162802
166740
170026
170795
172973
174163
174715
176051
177058
177238
178768
179580
180646
184255
189768
196781
199696
200884
200884
207900
208596
210940
211637
214482
215134
218657
224215
224627
226425
231688
232771
236280
236629
237736
238670
240170
242937
243969
250367
251849
252547
253703
257186
259337
264246
265294
267351
267351
271373
275748
276331
276819
278928
282296
284291
290921
293206
294160
294389
295239
296734
297147
297939
298601
301035
302891
302891
304429
304446
304759
305651
310686
321216
323230
325048
327945
328443
328750
329406
333210
334769
336610
338331
343511
343743
344821
346304
346488
346699
349909
350967
351213
351884
354826
354827
355679
355689
356697
357150
362207
363933
365487
369776
370889
372566
373738
377062
381509
383509
386929
386976
387446
388627
389532
390210
393068
393416
396857
397143
398383
398848
399090
400491
401296
401404
406489
408146
408234
410347
410948
411775
413668
414697
415064
415437
416324
417503
421854
422189
423652
426452
428143
429901
430408
431288
432074
434795
435219
435632
436057
437196
439036
442170
442781
444117
444579
444943
450036
452097
452830
453030
453578
456044
457676
458464
462881
463183
464379
466711
466815
470500
473029
474497
475223
476809
477094
479024
479104
480464
480657
481708
482211
483168
483467
486075
486110
486303
487071
487377
490407
493709
494635
494800
495005
496145
498085
502016
504677
505043
506252
508760
509152
509567
509763
511444
511821
512558
519084
522228
524200
528480
531816
531816
531940
534785
536540
536705
538650
542061
543977
543982
551258
551344
552080
554148
554494
555093
555798
556234
557516
558246
558840
560316
561503
565220
567879
573448
575542
576915
578210
578532
579678
579691
581908
585939
589677
589865
590691
591257
591445
592847
592848
595044
595488
595655
596470
601070
601868
604120
604926
606824
607123
608072
608147
610475
611982
612893
613523
615041
619654
622424
622425
622904
623135
626631
628396
631163
633015
633766
636285
639136
640168
640943
642541
642756
642830
643817
643837
647903
648059
653020
653390
659268
659291
660117
661978
665349
666226
666890
668796
669382
671683
672042
673077
673435
676677
677875
684435
685619
685882
686315
687011
690868
691261
692721
692888
693855
696239
696239
697164
700226
703995
704580
709147
712205
712698
713578
714353
714354
714355
715198
716223
717852
719831
720881
721634
722285
722564
722709
723695
724758
725316
727448
730012
730355
730783
731163
732189
732749
732876
733280
737377
737913
738630
739811
749736
751464
752834
753746
756926
758273
760769
762640
763245
766279
766833
767484
767943
768094
769118
771240
771350
772887
774227
774270
774919
775082
775370
780849
781247
782087
782436
783365
784141
787950
788091
790939
793905
794674
797090
798161
798832
801477
801674
804070
804125
804587
805930
806769
807474
811557
812206
812418
814449
816553
817370
818606
818796
819918
820183
821545
823823
826599
826641
826964
827756
829085
833371
837603
838414
843089
843614
844036
845470
846237
849544
849806
849973
850225
850974
850982
851112
852185
853913
855073
856616
857478
862655
864958
866406
871345
871668
872267
873804
873884
874470
876455
876951
878596
879497
880253
882097
884295
884652
887796
888982
889721
890380
890522
890531
890646
892670
895355
897794
899918
901564
901932
904087
904397
907971
908521
908674
908972
909098
913468
917560
920355
920369
921230
922876
923549
926719
928780
928846
928846
929455
930209
931280
932580
933721
935159
935922
938048
938691
939811
940447
941340
942643
943807
946376
946717
950582
951665
952403
954995
955623
958797
959087
961714
962335
962357
962913
964872
966052
966566
971500
972850
975097
975926
977390
983070
983814
985816
987329
987338
989290
989534
991059
995914
997747
998090
