467
1153
1235
2362
2803
3774
4775
4775
4829
4978
5336
6188
6944
7239
8050
8365
8742
9033
9298
9340
9957
10132
10297
10693
10771
11169
12453
14327
14549
14844
14926
15673
16066
17048
17367
17441
17902
18552
18922
18954
19082
19519
20875
21234
21360
22419
22802
23449
23713
24023
24152
24581
25506
25800
25861
26035
26052
26386
28108
28424
29956
30778
31600
31892
32575
32710
33884
33889
34370
34697
35510
35736
36150
36456
36999
38126
38404
39012
39577
39687
41072
41617
42065
43307
43767
44675
45250
45824
46102
46508
47481
48175
48754
49007
49319
49570
49813
49920
50034
50756
51032
51442
51622
51816
52099
52492
52940
53014
53149
53360
53430
54928
55009
55875
57996
58036
58448
58719
60190
60331
60535
60773
61287
61550
61825
62147
62440
62529
63109
63369
65449
65458
66825
67023
67307
67307
67411
67578
67983
67983
68076
68102
69485
69946
70214
70279
70837
71596
72601
72687
74112
74761
75020
75268
75557
75560
75863
76464
76465
77004
78724
80006
80071
80087
80292
80619
80706
81268
82123
82231
82486
82497
83109
85376
85997
86305
86722
86970
86986
87932
88081
88265
88910
91416
91417
91950
92111
92288
92733
93472
93841
94505
94884
95102
95276
97615
98695
99232
100330
100691
101275
102870
103499
104038
104117
104823
105130
105584
105686
105808
105928
106331
107405
108266
108371
109358
109552
109792
109971
110176
110790
111967
112036
112166
112209
112508
112908
113296
114967
115552
116235
117274
117702
118187
118351
119329
119633
119913
121376
121555
121580
121810
122545
122711
122860
122874
123357
123831
124063
124910
125741
125876
126075
126229
126386
126403
126640
126864
127143
129636
129949
130180
130637
131076
131112
132156
133215
133472
133942
134116
134396
134907
135147
135425
136835
136867
137257
137591
137782
137882
138615
138798
138997
139269
139563
139712
139763
141082
141243
141360
141910
142343
143897
143897
144356
144398
144453
145341
145950
146662
147855
148441
148635
148922
149779
149988
150210
151906
152143
152144
152145
153034
155566
155627
156503
157889
158298
158982
159477
159766
159894
159979
160755
161106
162241
162499
162802
163737
164605
165610
165725
166740
167119
167985
167986
168187
170026
170795
171014
172511
172567
172910
172973
173764
174163
174715
174994
176051
177058
177238
177509
177718
178768
179347
179510
179580
179597
179663
180646
180831
181421
181857
181858
183491
183691
184002
184255
184710
184889
184890
184891
186303
187617
188357
188437
189768
190478
190524
191679
191847
193263
193449
193568
193683
194177
194443
195925
196081
196322
196781
198700
199696
199789
200489
200884
200884
201889
203192
203982
204284
205575
206891
207308
207900
208110
208596
208906
210097
210269
210849
210940
211251
211263
211608
211637
212218
212289
212872
213712
214482
215134
215149
215310
215962
217630
218171
218427
218657
220000
220623
221498
221506
222380
223655
223926
224215
224627
224627
225671
226138
226425
226856
227238
229678
229926
230046
230641
230648
231312
231425
231688
231962
232771
233915
234053
234735
235601
236280
236629
237519
237736
237808
238670
239586
240068
240170
240575
242639
242937
243969
244646
245006
245313
246000
246267
246291
247251
248081
248158
250033
250367
250639
251849
252090
252547
252745
253703
254489
257186
258483
258683
258751
259337
259630
260380
262748
264040
264246
265061
265294
265422
265715
266091
267222
267351
267351
267468
267522
267615
268229
269203
269319
270224
271373
271898
272155
272272
272942
273041
273954
275198
275748
276331
276468
276496
276819
277981
278928
280373
281141
281787
282240
282296
283009
283350
284278
284291
285789
286794
287637
288121
289562
289938
290749
290889
290921
290921
291193
291527
291848
293053
293081
293082
293083
293083
293206
293307
294086
294142
294160
294389
294391
295184
295239
295302
295915
295961
296734
297147
297292
297939
298127
298601
299130
300155
301035
301371
302891
302891
304429
304446
304446
304641
304679
304759
304866
305076
305321
305651
306038
307175
308014
309018
309481
310686
311801
311901
314172
317656
319033
319845
320271
321216
321353
321368
323230
323755
323814
324686
325048
325622
327939
327945
328443
328705
328750
329272
329406
329624
329639
331996
332376
333145
333210
333472
334371
334769
335104
335569
336610
336674
336879
337265
338331
338671
339001
339240
342344
342405
342714
343210
343336
343511
343743
344821
346304
346488
346514
346699
347155
347786
348228
348639
348920
349909
350453
350967
351213
351525
351603
351615
351884
352241
352369
352704
353200
354003
354826
354827
355679
355689
355897
356318
356697
357150
359255
360051
360295
360591
361503
362207
363194
363933
364165
365300
365360
365437
365487
366874
369065
369712
369776
370071
370174
370512
370889
371468
372566
373650
373738
375166
375454
375906
376741
376871
377062
377811
377877
380362
380465
380898
381509
382369
382941
382999
383459
383509
384619
385127
386929
386976
387068
387446
387730
387754
388313
388572
388627
389532
390210
391198
393068
393091
393416
395070
395183
396075
396458
396482
396857
397143
397524
397737
398383
398848
399090
399215
399327
400491
400766
401296
401321
401367
401404
401603
401693
403502
403621
403691
403754
404253
404560
404939
405037
405626
405664
405701
406116
406489
406526
407124
408146
408234
408412
408709
409599
410311
410347
410741
410948
411271
411775
412521
413668
414038
414697
415064
415437
415720
416324
416963
417503
418919
420495
420827
421022
421214
421665
421854
421877
421939
422189
422191
423516
423556
423652
424218
424567
424628
425085
426452
426702
428143
429291
429901
430408
430979
431158
431288
432074
432173
433019
433337
433377
434622
434795
435175
435219
435335
435632
435908
436057
437196
437292
437329
437709
437917
438115
439036
439053
439534
440910
442170
442781
443192
444117
444579
444651
444860
444943
446269
446732
447870
448012
450036
450461
451449
451529
451719
451842
452097
452830
453030
453378
453559
453578
454580
454933
455029
455769
456044
456420
457120
457676
458317
458464
459030
460012
460063
460081
460133
460763
460764
461822
462881
463183
463487
464379
464584
466004
466108
466144
466552
466711
466769
466815
467332
467363
468644
470500
470565
470593
471582
471851
472023
473029
473885
474497
475223
476629
476809
477094
477677
477793
479024
479071
479104
479772
479773
479857
479924
480122
480464
480568
480657
481007
481473
481708
482211
482681
483168
483467
484310
484668
484909
485315
486075
486110
486303
486687
486722
486811
487071
487159
487377
487539
488120
489516
489814
490407
490511
491366
492803
492971
493470
493709
493833
494635
494800
495005
495344
495863
496026
496145
496356
498013
498085
499620
499812
500854
501276
502016
502060
502240
503762
504346
504677
505043
505365
505667
505861
506252
507433
508760
509152
509567
509698
509763
509912
510384
510391
511444
511482
511520
511692
511821
511879
512558
512952
515460
516819
518283
518700
519084
519558
522228
523218
523342
523343
523754
524200
524357
525169
525293
525862
526915
528480
528780
529117
529878
530300
531129
531134
531382
531816
531816
531940
533136
533982
533983
534785
535221
535385
536086
536540
536705
537222
537223
538650
539043
541012
541838
542061
543410
543977
543982
545876
547857
547976
548242
551231
551258
551262
551344
552003
552080
552716
553504
553606
554148
554164
554494
555093
555716
555798
556091
556234
557516
558091
558246
558623
558840
560316
560734
561194
561503
562193
562307
564179
564906
565187
565220
566626
567068
567357
567879
568898
571762
571776
572690
572784
573391
573448
575542
576588
576602
576915
578210
578237
578238
578532
579208
579270
579678
579691
580768
581067
581285
581620
581908
583292
583684
583796
583874
585899
585939
588026
588763
589236
589677
589715
589865
590691
591004
591257
591445
591487
591726
592847
592848
593602
594305
594598
594608
595044
595488
595655
596470
597257
597424
598242
598408
598783
599072
599100
600359
601070
601868
604120
604926
606320
606824
607123
608072
608147
609622
609713
609990
610332
610475
611821
611982
611983
612633
612680
612893
613152
613242
613523
614169
614871
615041
615768
616798
617117
617442
619539
619654
620942
621314
621692
621881
622424
622425
622904
623135
626631
627472
628186
628305
628396
628457
628619
628835
629385
631163
631605
631755
633015
633381
633766
636285
637812
639136
640128
640168
640292
640943
641414
642222
642541
642756
642830
642875
643747
643817
643817
643837
645642
646230
646625
646960
646981
647251
647903
648059
648722
648829
649143
649173
649344
650352
651769
653020
653241
653355
653390
653390
653508
653546
655150
656606
657749
658793
658973
659258
659268
659291
660117
660262
661704
661800
661978
662375
663510
663584
664912
665258
665349
666226
666352
666852
666890
668049
668445
668796
668980
669382
670130
670205
670707
671011
671193
671263
671332
671568
671683
671906
672042
673072
673077
673325
673435
673657
676677
677508
677875
678039
678375
679998
680117
681467
683543
684084
684435
685524
685619
685882
686315
686649
686772
687011
687261
689007
689488
689490
690449
690553
690672
690868
691261
692267
692581
692721
692888
693259
693333
693855
694288
694356
694656
694749
695187
695244
696239
696239
696398
697164
698182
698741
699610
700226
701204
702398
703728
703995
704580
704767
704988
705162
705738
705775
705851
706278
706534
707154
707436
707662
707784
708559
709147
709442
711618
712205
712698
713341
713578
714353
714354
714355
714827
715198
716223
717162
717164
717852
719831
720881
721003
721634
721678
722285
722564
722709
723695
724758
725190
725312
725316
725407
727448
728609
728776
729157
729158
729948
730012
730355
730783
731135
731163
731884
731917
731992
732189
732192
732749
732876
733280
733708
733860
734498
734618
735140
735629
735697
736024
736970
737313
737377
737913
738630
739502
739811
743334
743811
743905
744629
745101
748735
749736
749847
750779
751464
751727
752102
752326
752834
752971
753009
753105
753597
753746
754778
756192
756433
756719
756881
756926
757275
758123
758273
758446
758489
758580
758996
760769
761344
761395
762640
763245
763556
764005
764142
764407
764468
765618
766279
766833
766833
767041
767484
767943
768094
768272
768564
768861
769118
771057
771114
771240
771350
771616
772752
772887
773685
774227
774264
774270
774669
774919
775082
775329
775370
776224
776549
776810
777585
777885
778019
778498
779047
779308
779666
780849
781183
781247
781634
782087
782436
782532
783008
783365
783628
783652
784141
784710
785463
786334
787330
787764
787950
787985
788063
788091
789483
789625
789781
790357
790939
791583
791787
792939
793764
793905
794005
794108
794462
794674
794832
795100
796465
796709
797090
797362
797509
797613
798161
798246
798778
798832
798993
799020
799792
800324
801477
801665
801674
801821
801878
802387
803654
804070
804125
804587
805092
805217
805930
806105
806769
807474
807858
810446
811557
811996
812206
812309
812418
812519
814449
815614
815886
816553
816688
817370
817613
817616
817887
818289
818542
818606
818796
819114
819134
819429
819501
819918
820183
821419
821545
823364
823823
823873
824995
825780
826599
826641
826964
827245
827756
827918
827988
828247
829085
829248
831279
832810
832818
833195
833371
834106
834705
835902
836049
837593
837603
838351
838414
838420
838685
839044
840104
842129
843089
843614
843623
843747
844036
845470
845621
846237
847553
847669
848876
849073
849544
849677
849806
849973
850225
850974
850982
851112
851393
851557
852185
853158
853913
854319
855073
855473
855647
855670
856287
856434
856616
856823
857020
857090
857478
859396
860403
860855
862655
863272
863627
864854
864958
865614
866406
866936
867135
868033
871345
871362
871668
872023
872267
872418
872651
873045
873804
873804
873884
874470
875039
876455
876492
876951
876965
876984
877414
877698
877907
878066
878371
878596
878960
879163
879497
880112
880130
880253
880908
882097
883435
884295
884652
887796
887942
888982
889664
889721
889724
890275
890380
890522
890531
890646
891088
891163
892670
893760
894006
894482
895000
895355
895462
895664
896191
896247
896324
897060
897666
897794
898382
899918
901564
901932
902710
903269
903883
904087
904397
905025
905110
905324
906250
907087
907283
907971
908082
908239
908521
908674
908972
909079
909098
909149
909248
909692
909757
910113
910189
910873
911237
911819
913468
914750
914864
915126
916552
917328
917560
918595
920355
920369
920457
921230
921610
921817
922070
922179
922632
922876
923241
923361
923549
923741
926625
926719
926836
926844
926961
928780
928846
928846
929455
929991
930209
931280
931464
931554
931784
932433
932580
932690
933394
933721
933900
934104
935159
935491
935922
936923
938048
938691
938772
938985
939443
939811
939847
939847
940447
940656
940788
940789
941340
942534
942643
942710
942848
943707
943807
943898
945145
945530
945721
946376
946717
947435
950582
951665
952403
952527
954307
954617
954995
955623
955809
956424
956440
956765
957342
957976
958217
958271
958797
959087
960195
960230
960636
961714
961791
961975
962335
962357
962766
962913
962955
963294
964117
964872
966052
966566
966679
966813
967392
968060
969154
969608
970396
971128
971237
971258
971500
971970
972335
972850
973291
973371
974248
974602
975026
975097
975703
975926
977390
977591
977691
977795
977877
978293
978619
979026
979175
979558
980188
980542
980910
980993
981862
982410
982991
983070
983648
983814
985088
985816
986271
987329
987338
988090
988162
989042
989290
989534
990049
990196
990420
990726
991059
991681
992456
992533
993144
994645
994792
995341
995757
995914
995957
996534
997324
997616
997747
998079
998090
998829
999178
999781
