467
1153
1235
2803
3774
4775
4775
4829
6944
9298
9340
10132
10297
10771
11169
12453
14844
16066
17048
17902
22419
22802
26052
30778
32710
33889
35510
38404
44675
46102
50034
51442
51622
51816
53149
53430
55009
57996
58036
58719
61287
62147
62440
63369
65458
67307
67307
67411
68076
69485
69946
70214
70837
72601
74112
74761
75268
75557
75560
77004
80006
80087
80619
82231
82486
85376
86722
86970
86986
91950
97615
99232
100691
103499
104117
105686
105808
109792
111967
112209
112508
116235
117702
119329
119633
121555
122545
122874
123831
125876
126640
129636
131112
134396
135147
136867
137782
138798
138997
139269
139712
141082
143897
143897
146662
151906
158298
159894
160755
162241
162499
165725
166740
170026
170795
171014
172973
173764
174163
174715
176051
177058
177238
177718
178768
179580
186303
189768
193568
195925
196781
198700
199696
200884
200884
201889
203982
204284
207900
208596
210097
210849
211608
213712
215962
224215
224627
224627
226425
227238
229926
231688
232771
236280
239586
240170
242639
242937
243969
246291
250367
251849
252547
253703
257186
258751
259337
262748
264246
265294
265422
267351
267351
268229
270224
271373
272942
275748
276331
276496
276819
278928
282296
283350
284291
290749
291527
294160
294389
295239
296734
297147
297939
298127
298601
302891
302891
304429
304446
304641
304679
304759
321216
321353
323230
324686
325048
325622
327945
328443
328750
329272
331996
333145
333210
334371
334769
336610
338331
342405
343511
346304
346488
347155
348228
349909
350967
351213
351884
354826
354827
355679
355689
356697
357150
362207
365487
370174
370889
372566
373738
375166
376871
377062
381509
382941
383509
385127
386976
388572
389532
390210
393068
393091
393416
396857
398383
398848
399090
400491
401296
401321
403754
406489
407124
408146
408234
408709
410741
410948
411775
413668
414697
416324
416963
417503
421854
422189
424218
430408
431288
432074
432173
435219
435632
437329
439036
439053
439534
442170
442781
444117
444943
450036
452097
453030
453578
454580
455029
456044
456420
457676
458464
460133
462881
463183
464379
466144
466769
466815
470500
470565
473029
473885
474497
475223
476809
477094
479024
480464
481708
482211
486075
486110
486303
487377
489814
490511
492971
493470
493709
494635
495005
498085
502060
505043
505667
506252
507433
509152
509567
509763
511444
511482
511692
511821
512558
516819
519084
522228
526915
528480
530300
531129
531816
531816
531940
533982
533983
534785
535385
536540
536705
538650
542061
543977
543982
547857
548242
551258
552080
554148
554494
556234
558246
558840
560316
564906
568898
572784
573391
575542
576915
578210
578532
579678
581908
583292
583874
585939
589677
589865
591445
591726
592847
592848
594305
595044
595488
595655
596470
599100
601070
604120
606824
608072
608147
612893
613523
615041
619654
622424
622425
622904
623135
626631
628396
631163
633015
636285
639136
640168
642541
642756
642830
643817
643817
643837
647903
648059
653020
656606
657749
659268
659291
660117
661978
665349
666226
668796
669382
671683
672042
673077
673435
676677
677875
678375
681467
684084
684435
685524
685619
685882
686315
686772
687011
689007
690553
690868
691261
692888
693855
696239
696239
697164
698182
704580
705851
707784
711618
712205
712698
713578
714353
714354
714355
715198
716223
717852
721003
721634
721678
722285
722564
722709
723695
724758
725190
728609
729948
730012
730355
730783
731163
731917
732192
732749
732876
733280
733708
737377
737913
739811
743334
745101
749736
751464
752834
753746
754778
758273
758996
761344
761395
762640
763245
764407
766279
766833
767041
767943
769118
771114
771240
771350
772887
774227
774270
774919
775082
775370
778019
779047
780849
781183
781247
782436
784141
785463
786334
787950
788091
789625
790939
793905
794108
794674
794832
797090
798161
798246
798832
799020
801477
801821
804070
804125
804587
805217
807474
812418
812519
816553
817370
818606
820183
821545
823823
824995
827756
829085
832818
833195
837593
837603
838414
838685
843089
844036
846237
849544
849806
849973
850225
850974
851112
852185
853158
855073
856434
857478
862655
865614
866406
866936
872267
873804
873884
875039
876455
876492
877414
878596
879497
880253
884295
884652
887796
888982
889721
890275
890522
890531
890646
891163
892670
895355
897666
899918
901932
903269
904397
906250
907971
908674
908972
909248
910873
913468
915126
917560
920355
920369
921230
922070
923549
926719
928780
928846
928846
932580
933721
934104
935159
935922
938048
938691
938985
939811
939847
940447
940656
941340
943707
943807
946717
952403
952527
955623
956440
958271
958797
959087
960195
961714
961791
962335
962357
962913
963294
964872
968060
969608
970396
975026
975097
977390
980993
982991
983070
983648
983814
987329
987338
988162
989042
989290
989534
991059
993144
994645
995914
997747
998829
999178
