22802
32710
38404
44675
58719
63369
67411
69485
75557
80619
100691
104117
117702
123831
131112
134396
137782
158298
165725
170026
172973
174715
200884
224215
240170
242639
251849
253703
264246
265294
271373
275748
328750
331996
333210
346488
354826
354827
373738
386976
396857
398383
410948
416324
417503
431288
432173
442170
466815
475223
476809
487377
493709
494635
498085
512558
522228
538650
547857
551258
558840
576915
589677
589865
591445
596470
608072
615041
639136
643837
648059
660117
666226
668796
671683
685882
690868
697164
704580
712698
713578
722564
722709
730012
730355
730783
732192
732876
737913
743334
751464
752834
766279
774227
774270
778019
781247
785463
787950
807474
812418
816553
818606
820183
821545
823823
837603
843089
850225
850974
852185
855073
872267
873804
878596
880253
892670
907971
921230
923549
935922
943807
946717
977390
987329
989290
994645
