22802
32710
42065
44675
53149
62440
63369
66825
69485
80071
80619
104117
117702
123831
139712
148441
149779
165725
170026
172973
174715
200884
223926
224215
236629
237519
242639
253703
264246
275748
293083
293206
321368
328443
331996
336610
350967
373738
410948
416324
432173
444943
470500
475223
477094
479104
493709
494635
495344
498085
510384
522228
589677
589865
591445
596470
608072
621881
643837
690868
704580
717164
720881
725316
730012
730783
732192
732876
743334
753105
766833
767943
774227
787950
812418
819918
837603
850225
850974
850982
853913
856616
872267
873804
880253
884295
895355
895462
897794
918595
921230
935922
940447
943807
950582
951665
966052
977390
987329
989290
994645
