38404
58719
67411
75557
100691
131112
134396
137782
149988
158298
162802
180646
238670
240170
245313
251849
265294
265715
271373
328750
333210
346488
354826
354827
363933
386976
396857
398383
417503
428143
431288
442170
454933
466815
476809
487377
505861
512558
524200
538650
547857
551258
558840
567879
576915
591004
614169
615041
639136
648059
660117
666226
668796
671683
685882
697164
712698
713578
722564
722709
730355
731163
737913
751464
752834
766279
774270
778019
781247
782532
783365
785463
806769
807474
816553
818606
820183
821545
823823
843089
843747
852185
855073
856287
878596
892670
907971
923549
946717
978293
985816
988090
996534
998090
