10297
16066
17048
35510
46102
51816
62440
67411
75557
77004
86986
116235
119633
131112
141082
143897
160755
170026
172973
174163
189768
199696
231688
243969
257186
259337
276819
282296
294389
296734
297147
302891
304446
304759
325048
346304
348228
362207
377062
383509
389532
390210
393416
401296
411775
431288
442170
444943
450036
453578
463183
464379
470500
480464
481708
486110
486303
495005
509152
511444
512558
522228
531816
531816
543982
560316
578210
622904
628396
639136
640168
659291
666226
671683
687011
712205
715198
717852
722564
731163
733280
737377
737913
751464
758273
763245
767943
771240
771350
788091
804587
807474
821545
837603
849806
849973
857478
862655
873884
887796
899918
920355
928846
928846
933721
946717
958797
959087
962913
964872
