4775
4775
4829
6944
9340
10297
10771
12453
14844
16066
17048
22802
26052
32710
33889
35510
38404
46102
51816
53149
53430
57996
58719
61287
62147
62440
63369
65458
67307
67411
69485
70214
70837
74761
75268
75557
77004
80087
80619
82231
82486
86970
86986
91950
99232
104117
105808
111967
112508
116235
117702
119329
119633
121555
123831
126640
129636
131112
134396
135147
136867
137782
138798
138997
139269
139712
141082
143897
146662
158298
160755
162499
166740
170026
170795
172973
174163
174715
176051
177058
177238
178768
179580
189768
196781
199696
200884
200884
207900
208596
224215
224627
226425
231688
232771
236280
240170
242937
243969
250367
251849
252547
253703
257186
259337
264246
265294
267351
267351
271373
275748
276331
276819
278928
282296
284291
294160
294389
295239
296734
297147
297939
298601
302891
302891
304429
304446
304759
321216
323230
325048
327945
328443
328750
333210
334769
336610
338331
343511
346304
346488
349909
350967
351213
351884
354826
354827
355679
355689
356697
357150
362207
365487
370889
372566
373738
377062
381509
383509
386976
389532
390210
393068
393416
396857
398383
398848
399090
400491
401296
406489
408146
408234
410948
411775
413668
414697
416324
417503
421854
422189
430408
431288
432074
435219
435632
439036
442170
442781
444117
444943
450036
452097
453030
453578
456044
457676
458464
462881
463183
464379
466815
470500
473029
474497
475223
476809
477094
479024
480464
481708
482211
486075
486110
486303
487377
493709
494635
495005
498085
505043
506252
509152
509567
509763
511444
511821
512558
519084
522228
528480
531816
531816
531940
534785
536540
536705
538650
542061
543977
543982
551258
552080
554148
554494
556234
558246
558840
560316
575542
576915
578210
578532
579678
581908
585939
589677
589865
591445
592847
592848
595044
595488
595655
596470
601070
604120
606824
608072
608147
612893
613523
615041
619654
622424
622425
622904
623135
626631
628396
631163
633015
636285
639136
640168
642541
642756
642830
643817
643837
647903
648059
653020
659268
659291
660117
661978
665349
666226
668796
669382
671683
672042
673077
673435
676677
677875
684435
685619
685882
686315
687011
690868
691261
692888
693855
696239
696239
697164
704580
712205
712698
713578
714353
714354
714355
715198
716223
717852
721634
722285
722564
722709
723695
724758
730012
730355
730783
731163
732749
732876
733280
737377
737913
739811
749736
751464
752834
753746
758273
762640
763245
766279
767943
769118
771240
771350
772887
774227
774270
774919
775082
775370
780849
781247
782436
784141
787950
788091
790939
793905
794674
797090
798161
798832
801477
804070
804125
804587
807474
812418
816553
817370
818606
820183
821545
823823
827756
829085
837603
838414
843089
844036
846237
849544
849806
849973
850225
850974
851112
852185
855073
857478
862655
866406
872267
873804
873884
876455
878596
879497
880253
884295
884652
887796
888982
889721
890522
890531
890646
892670
895355
899918
901932
904397
907971
908674
908972
913468
917560
920355
920369
921230
923549
926719
928780
928846
928846
932580
933721
935159
935922
938048
938691
939811
940447
941340
943807
946717
952403
955623
958797
959087
961714
962335
962357
962913
964872
975097
977390
983070
983814
987329
987338
989290
989534
991059
995914
997747
