8365
21234
22802
32710
42065
44675
48175
48754
53149
62440
63369
66825
67023
69485
72687
80071
80619
86305
104117
105130
117702
123831
132156
133215
139712
148441
149779
165725
170026
172973
174715
200884
223926
224215
230648
236629
237519
242639
253703
264246
275748
276468
284278
293083
293206
310686
321368
328443
331996
336610
346699
350967
363194
373738
405037
410948
416324
429901
432173
444943
451449
463487
470500
475223
477094
479104
493709
494635
495344
498085
500854
508760
509912
510384
522228
589677
589865
591445
593602
596470
608072
621881
640943
643837
649344
661704
690868
692721
703995
704580
717164
719831
720881
725316
730012
730783
732192
732876
743334
753105
766833
767943
774227
787950
812206
812418
815614
817616
819918
837603
845470
850225
850974
850982
853913
855647
856616
872267
873804
880253
884295
887942
895355
895462
897794
918595
921230
923741
935922
940447
943807
950582
951665
966052
966679
977390
987329
989290
990196
992456
994645
