2340
2765
2882
2926
3995
4689
5059
5091
7025
7207
7684
9542
10754
10981
11526
12846
13122
14008
15085
15551
16273
18750
20341
20364
20535
21662
22333
22746
24671
26131
26824
26997
27543
28630
28632
30087
30413
31431
32978
33341
33466
34223
34295
35214
35368
35368
36110
36758
38779
46229
47891
48483
48764
51419
51582
52510
52741
53331
55377
55874
55982
57760
59162
60178
60218
60366
63940
64135
64282
64373
66436
66442
67493
70430
71434
71499
71516
72614
73395
73801
74867
76516
76999
77266
77523
79086
79305
80328
80878
82030
82781
82950
83907
84776
86190
88232
88782
89605
90124
90164
90372
91622
91627
92926
93282
93541
93641
94151
94376
95286
98246
99704
102138
102424
102641
103181
103181
103738
103812
104100
104110
104514
105893
107895
109787
110210
111049
111271
112016
112200
114959
115408
116442
116472
116719
119057
121701
122391
123630
123675
123736
123749
124404
125756
128131
128229
129096
131457
132268
132515
133616
136536
137045
139625
139890
140397
144538
147707
147873
148667
148679
149955
150109
151277
151937
153951
155285
155574
159255
160075
160435
160610
164581
166490
166572
167932
167981
168170
168369
168890
169798
175319
176196
177083
178114
178733
180102
181678
182602
182873
183004
183181
183375
185503
185687
187026
187701
187728
187805
189139
190115
191226
191698
195275
197509
199300
200839
200839
202066
202474
205822
207191
207269
208037
208297
208938
209458
210056
210226
210888
211574
211978
212660
213404
215028
215807
218021
218028
218126
220002
221246
223283
225486
227309
230279
230414
232332
232516
232626
232819
233882
236657
237416
238808
242500
243787
243848
246006
246097
247502
248456
248528
248712
250281
250281
251201
251304
251488
251807
252935
255460
255824
256005
256489
258194
258819
258978
258995
261876
262682
263738
265414
265414
265590
266598
267666
267926
268166
269761
270592
271130
271561
275069
275101
275180
277484
278010
278351
278352
278604
280398
280507
280508
283395
283711
283901
284127
284664
285973
286135
290109
290696
291041
291738
294601
294745
294952
295564
296095
296833
299258
299669
301902
303052
305419
305695
306120
307171
307305
307641
308396
308422
310267
311330
311549
313999
314469
315775
316093
316613
317636
317701
318038
320860
321461
322231
324232
327102
328201
328331
328577
331646
334194
334980
334980
335165
336890
337562
337565
337747
338520
338762
339423
342192
342468
342890
343073
344094
345419
345466
347460
347687
347975
348543
348630
350185
350709
351956
352122
352452
353180
353863
354993
355025
355199
355694
356008
359940
360850
361296
361371
362269
362422
362470
366967
366968
367459
368704
368894
369241
371780
372893
375120
375969
378470
379768
379785
379938
381123
381568
382528
382662
383694
384238
386387
388124
391410
392375
393275
394819
394910
395093
395093
395589
396287
397335
397660
397764
399492
400632
400859
401724
402796
402828
403553
403553
403889
404311
404742
406576
406631
406677
406700
407683
408216
408578
409157
409454
409808
411381
412232
413646
414710
415104
415676
416459
416504
417732
417733
418322
419014
419243
419325
419417
420737
420844
420971
420971
422455
422704
423809
424252
425447
427740
428707
429220
432037
433824
435019
435678
435990
436117
438482
439917
440250
441393
443042
443177
443541
445957
447088
447238
447297
447340
447821
450344
450431
450667
452080
452363
453723
453892
453971
454956
455053
456492
457049
457248
458220
458384
458796
459454
459454
460233
461315
462973
464876
465276
465670
465713
466912
467689
467737
468158
469446
474485
474612
476177
476490
476520
476520
477229
480333
480340
480959
481405
481885
482226
482489
483681
483948
485474
485698
486093
486144
486202
487928
489954
490603
490637
490830
492390
492431
492432
493806
493972
494926
495882
495882
496715
498412
500343
500479
502427
503863
506105
507996
508431
510087
511507
512162
513430
513659
514981
516516
517374
517491
519513
519764
520081
521090
521304
521959
523139
523328
523372
523487
524036
525461
527594
527807
528505
528551
528864
529522
529696
529848
531065
531461
531997
532346
533400
537176
537704
538733
538833
539499
540105
541174
541734
541753
543526
544623
544975
546877
546878
549380
550337
551510
552581
553370
553662
553799
555036
555564
555564
556834
556849
559190
562116
562435
565623
566870
567274
567309
567625
567992
568853
569114
569395
571872
571888
573119
573412
574123
574674
577351
577912
580419
580581
580687
582727
583136
583512
584026
586008
586041
586384
586463
587855
588341
589113
589330
589803
590528
591584
591997
592521
593006
593058
593363
594425
594499
597682
598764
599914
600144
600144
603707
604831
606112
607021
609747
610661
612366
613246
613298
613918
614208
614335
614558
617215
617290
617835
619731
620210
621004
621579
623073
624088
625042
627809
628296
629547
630897
631225
631823
632026
632559
632969
634088
634557
634994
636400
637002
637370
637864
638781
639992
640182
641415
641599
642001
642084
645290
645522
647702
648155
649456
649542
651176
654217
654395
654572
654753
655099
655556
655573
656143
657572
658755
659748
659847
659892
660886
661026
663109
663745
664344
665535
665696
666927
667019
668146
668612
669770
670228
672771
673918
674323
674911
675868
677330
678757
678879
679263
679572
681514
682934
683482
683482
683881
683942
684350
685152
687319
688317
691137
691843
692239
693089
693376
694500
696758
700726
703295
704590
704857
705229
706097
706473
706565
706700
707084
709315
709992
710752
711197
713396
713818
713847
715177
718457
719190
719483
719656
719680
720055
720240
720749
721701
721892
723378
724787
727199
727721
728242
728927
729178
730219
730335
731104
731354
735382
735926
736165
738896
740999
741702
743388
744798
746363
746652
746984
747239
747401
748256
748273
749122
749288
749676
750316
750738
751342
751908
753292
755173
755202
755294
756738
757212
757931
758433
758888
760725
761271
761680
763477
763734
763939
764252
765589
766031
768019
768300
768741
768942
771171
771717
771887
772125
773718
774610
776231
777265
778343
779281
779520
779759
780614
781346
782054
784515
784718
785542
785660
787024
787105
788130
790899
794478
795129
800400
800814
800836
802225
802790
803364
804082
806115
806237
806517
806569
807997
808587
809256
810528
810819
811011
811954
812156
812833
812949
814141
814684
814767
814768
815486
816142
816876
817697
817698
817747
819223
819524
820143
822507
822848
823877
824875
827281
827507
827542
827633
827685
827704
828693
829675
830737
831995
832092
833015
834752
835320
835512
838201
838482
839122
839492
840350
841892
845017
846310
846479
847681
848629
849448
849811
850391
851655
853827
854558
855022
855142
855142
856489
856997
857060
857598
859598
860377
861293
861761
862024
862695
864559
865061
865823
869059
869341
869541
869976
870166
870493
871145
873408
873619
874291
875204
875265
876479
876613
877220
877947
878272
878769
879096
879588
879652
879653
879745
883480
885077
885382
886034
887455
887467
888232
888695
890357
890672
890707
890707
890752
893534
895126
895480
895801
896087
896409
897744
898883
899043
899146
899368
900009
900046
900853
901279
901839
903525
904541
905091
906348
906776
906861
907213
907985
908726
911392
911645
911750
911805
912665
914329
915030
916208
918550
920487
921751
923483
924407
924576
924981
927980
929199
929536
929577
929899
930543
931544
933212
933331
934975
935293
935496
937939
938106
938806
939066
939247
939700
939933
941126
941127
944061
945010
945328
946615
946710
946753
948818
949377
949558
950301
950336
950475
952846
954166
954601
955325
955944
956001
957445
957476
958359
959862
960881
961864
962180
962325
964296
967155
969263
969557
970435
970797
972582
972889
972912
972986
973010
973343
974433
975712
975712
976619
978808
979597
980639
982407
982556
983634
988224
989089
990073
991158
992902
994225
994480
995478
996127
996170
996334
996582
996671
997285
998512
998652
999014
999540
