2340
2882
2926
3995
11526
14008
16273
18750
20535
22746
24671
26997
28632
30413
31431
32978
33341
34223
35214
35368
35368
36758
46229
47891
48764
51419
51582
52510
52741
55874
60366
64282
64373
66436
67493
73801
74867
76516
77523
79086
79305
80328
80878
82030
82781
82950
88232
90372
91622
91627
92926
93282
93641
94376
102424
103181
103738
104514
105893
107895
111049
111271
112016
114959
115408
116442
116719
119057
121701
123630
123675
124404
125756
128131
128229
132268
136536
139625
139890
147707
148679
150109
151277
151937
155285
155574
160435
164581
166572
167981
168170
168369
175319
176196
178733
182602
183375
185503
185687
187026
187728
189139
190115
191226
191698
199300
200839
205822
207269
208938
209458
210226
210888
212660
213404
215028
215807
218126
220002
221246
223283
225486
227309
230279
230414
232332
232516
232819
236657
237416
243787
243848
246097
247502
248528
251201
251304
251488
255460
255824
256005
256489
258978
261876
263738
265414
265590
267666
269761
270592
271561
275101
275180
278351
278352
278604
280507
280508
283711
284664
285973
290109
290696
291738
305419
314469
315775
316093
317636
328201
331646
334980
334980
336890
337562
337747
338520
342192
344094
345419
347975
350185
350709
352452
353180
355025
356008
362269
368704
368894
372893
375120
375969
379785
379938
382528
384238
386387
388124
391410
392375
394910
395093
395093
395589
396287
397764
400632
401724
402796
402828
403553
403553
406677
406700
408216
409157
409454
411381
412232
413646
415104
416459
419014
419243
419325
419417
420844
420971
422704
423809
424252
425447
429220
435019
435678
436117
440250
441393
443042
443177
443541
445957
447297
447821
452363
453723
453892
454956
456492
457049
458384
458796
459454
461315
462973
464876
467689
467737
469446
474485
476177
476490
476520
476520
477229
480959
481405
481885
482489
486144
486202
489954
490637
492390
493806
496715
500479
502427
510087
513659
517374
517491
521959
523328
523487
524036
525461
527594
528505
528551
529522
529696
531461
533400
537704
540105
541174
541734
543526
546877
546878
549380
551510
552581
553799
555036
555564
555564
556834
562435
565623
567274
567309
567625
567992
568853
569114
569395
571872
580581
580687
586008
587855
589330
589803
591584
591997
593058
594425
594499
597682
600144
604831
609747
610661
612366
613246
613298
613918
614208
614335
614558
617290
620210
621004
621579
623073
625042
628296
631823
632559
632969
634994
636400
637002
637370
637864
638781
640182
642084
645290
648155
649456
654753
655099
655573
656143
657572
658755
659748
659847
659892
660886
663745
665535
665696
666927
667019
672771
673918
674323
674911
679572
682934
683482
683881
685152
688317
691137
692239
693376
696758
704590
706097
706565
710752
711197
719190
719483
719656
719680
720749
721701
721892
723378
724787
727199
727721
728242
730335
731104
731354
736165
740999
741702
743388
744798
746984
747239
747401
748256
751342
751908
755202
755294
756738
757212
758433
758888
763477
763734
764252
765589
768300
768942
776231
777265
778343
779281
779520
779759
780614
781346
782054
784718
785542
788130
790899
794478
800400
800814
800836
802225
802790
803364
804082
806115
806237
806569
809256
810528
810819
812156
814141
816142
817697
817747
819223
822507
827281
827542
828693
830737
833015
835512
838482
839492
841892
845017
846479
848629
849448
850391
851655
853827
854558
855142
855142
857598
860377
861293
861761
862024
862695
865061
865823
869341
869541
870166
870493
871145
873408
873619
874291
875204
876479
876613
877220
877947
878769
885077
886034
887455
887467
888232
890672
893534
896087
896409
897744
899043
899146
899368
900009
900853
901839
906348
906776
906861
908726
911392
911645
911750
920487
921751
923483
924407
927980
929199
929536
931544
933331
937939
938106
939247
939700
941126
941127
944061
945010
946615
948818
949377
950336
950475
954166
955325
956001
957445
958359
960881
962325
964296
969557
970435
970797
972889
972986
973010
973343
974433
975712
975712
978808
982407
988224
989089
992902
994225
994480
995478
996127
996334
997285
999014
