2926
3995
5725
6757
10754
14008
16273
22333
25912
27543
35214
36110
41107
46229
59162
68015
74867
86032
86183
92926
93282
94419
102424
103181
106435
109787
121701
123630
139625
147734
149955
151937
155574
159255
172103
175319
176196
178114
185389
185687
187026
189792
191226
207191
227309
230279
230414
236657
243848
248528
251304
252775
265414
265590
270592
274018
280507
280508
284928
285973
290696
299258
322231
336416
337747
339423
347975
350709
353180
368894
369241
369739
394910
400859
402828
403889
406700
409157
409454
411381
415104
416459
423475
432037
435019
442517
447821
450344
452080
458384
459454
465504
466603
476490
476520
476520
477229
482489
489954
492390
502427
510087
516516
517491
521304
523328
529696
541174
546877
546878
562435
566478
569114
573412
580581
582727
583512
590180
594499
604831
613246
631748
637864
642001
643285
644123
665696
667019
674911
677556
683482
683482
692239
693376
696758
703295
706700
713818
719190
730335
731104
735382
744208
744798
747401
751342
761048
763477
765589
779759
782054
785660
787105
790240
797835
806237
814684
816142
816876
824875
828693
830737
838482
839492
846479
849448
851655
865061
870493
871145
874291
876479
877947
896409
899146
904541
929536
935293
941126
945764
950475
960881
963380
972622
982407
988224
989089
990312
996170
998152
