2340
2882
2926
3995
11526
14008
18750
22746
26997
31431
33341
35214
35368
35368
48764
51582
52510
52741
60366
64282
66436
74867
76516
77523
79086
80328
88232
91622
91627
92926
93282
102424
103181
103738
104514
107895
111049
123630
124404
128131
139625
148679
151937
155574
167981
175319
176196
183375
185503
185687
187026
189139
190115
191226
191698
199300
200839
205822
208938
209458
210226
210888
212660
213404
218126
221246
225486
227309
230279
230414
232332
232819
236657
237416
243848
246097
248528
251304
255460
255824
256005
256489
265590
267666
269761
270592
271561
275101
275180
278351
278352
280507
280508
285973
290109
305419
317636
328201
331646
334980
336890
337747
338520
344094
347975
350709
353180
355025
368894
372893
375120
382528
384238
386387
392375
394910
395093
396287
400632
401724
402828
403553
406677
406700
408216
409157
409454
411381
412232
413646
415104
416459
419014
419325
420971
422704
435019
440250
443541
447297
447821
452363
453892
456492
457049
458384
458796
459454
464876
467689
469446
476177
476490
476520
476520
477229
480959
481885
482489
486144
489954
492390
493806
502427
510087
517374
517491
523328
524036
527594
528505
528551
529522
529696
537704
540105
541174
543526
546877
546878
549380
553799
555036
555564
562435
567274
567625
567992
568853
569114
580581
580687
587855
589330
589803
591584
593058
594425
594499
597682
609747
610661
613246
613298
613918
614208
614335
614558
617290
620210
623073
625042
628296
632559
637002
637370
637864
638781
640182
642084
645290
648155
649456
654753
655099
655573
656143
657572
658755
659847
659892
660886
665535
665696
666927
667019
672771
674323
674911
679572
682934
688317
692239
693376
696758
719190
719483
719656
719680
720749
723378
724787
727199
728242
730335
731104
736165
741702
744798
746984
747401
751908
755202
758888
763477
763734
765589
768942
778343
779520
779759
780614
781346
782054
784718
785542
788130
794478
800400
800814
802225
802790
803364
804082
806237
809256
810819
812156
816142
817697
822507
827542
828693
830737
835512
838482
839492
841892
845017
846479
848629
849448
850391
851655
853827
857598
860377
862024
862695
865061
865823
869341
869541
870166
870493
873408
873619
874291
875204
876479
876613
877220
877947
878769
886034
887455
888232
890672
893534
896409
897744
899146
899368
900009
900853
906861
908726
911392
911750
921751
929536
931544
933331
937939
941126
941127
945010
948818
949377
950475
955325
956001
957445
958359
970435
972889
972986
973343
974433
975712
978808
982407
988224
989089
992902
994225
994480
995478
996127
999014
