2340
2882
2926
3995
26997
31431
35214
35368
35368
48764
60366
74867
76516
77523
79086
91622
92926
102424
111049
139625
176196
185503
187026
190115
191698
199300
210226
210888
218126
227309
232332
232819
236657
237416
243848
246097
248528
255460
255824
256005
256489
265590
267666
271561
285973
305419
328201
334980
338520
347975
350709
353180
372893
382528
384238
394910
395093
400632
403553
406700
408216
409157
409454
411381
413646
415104
419014
420971
422704
447297
456492
457049
459454
476490
476520
476520
477229
480959
482489
486144
489954
492390
493806
502427
510087
517374
524036
527594
528505
528551
529522
529696
537704
540105
541174
546877
546878
555036
555564
567274
568853
580581
589330
589803
591584
593058
594499
609747
613246
613298
614335
614558
617290
637002
637370
638781
642084
649456
655099
655573
659892
660886
665696
666927
667019
674323
679572
682934
688317
692239
693376
696758
719190
719483
720749
723378
724787
728242
736165
741702
744798
746984
747401
751908
763477
765589
768942
778343
779759
780614
781346
782054
784718
785542
788130
794478
800400
800814
803364
806237
809256
812156
816142
817697
827542
828693
830737
835512
838482
839492
845017
848629
851655
853827
860377
862024
865061
869341
870166
870493
873408
876479
877220
886034
890672
897744
899146
899368
900853
911750
929536
931544
941126
941127
945010
949377
950475
955325
957445
958359
972986
973343
975712
978808
982407
989089
992902
994225
995478
