3995
22333
27543
36110
53331
59162
74867
90124
102424
103181
107895
121701
149955
151937
155574
159255
178114
183375
191226
207191
230279
230414
236657
243848
248528
251807
255460
265414
275101
285973
290696
299258
305419
307171
322231
337747
339423
342468
347975
368894
369241
400859
401724
402828
403889
406677
409157
432037
435019
447821
450344
452080
458384
469446
476520
476520
482489
492390
516516
517491
523328
529696
541174
546877
546878
562435
573412
583512
593058
613246
637864
665696
674323
674911
692239
696758
706700
713818
719190
719656
719680
730335
731104
735382
747401
751908
772125
779759
784718
787105
806237
814684
816876
824875
838482
839492
846479
849448
850391
851655
869541
870493
871145
874291
876479
896409
899146
904541
906861
929536
935293
941126
960881
982407
988224
989089
996170
