3995
5725
22333
25912
27543
36110
41107
53331
59162
74867
86032
86183
90124
102424
103181
106435
107895
121701
137964
147734
149955
151937
155574
159255
164599
172103
178114
183375
185389
189792
191226
207191
230279
230414
234504
236657
243848
248528
251807
252775
255460
265414
275101
285973
290696
299258
305419
307171
322231
336416
337747
339423
342468
347975
368894
369241
369739
400859
401724
402828
403889
406677
409157
432037
435019
442517
447821
450344
452080
458384
465504
466603
469446
476520
476520
482489
492390
516516
517491
523328
529696
541174
546877
546878
562435
566478
573412
583512
590180
593058
613246
628761
637864
643285
665696
674323
674911
677556
692239
696758
706700
713818
713847
719190
719656
719680
730335
731104
735382
744208
747401
751908
761048
772125
779759
784718
787105
790240
797835
806237
814684
816876
824875
838482
839492
846479
849448
850391
851655
869541
870493
871145
874291
876479
896409
899146
904541
906861
929536
935293
941126
945764
960881
963380
972622
982407
988224
989089
990312
996170
998152
