3995
25912
27543
59162
74867
86183
102424
106435
121701
147734
151937
155574
159255
172103
178114
185389
189792
191226
230279
230414
236657
251807
252775
265414
299258
336416
337747
347975
368894
369241
369739
400859
402828
403889
409157
435019
442517
447821
523328
529696
541174
546877
546878
562435
566478
573412
583512
590180
613246
665696
674911
692239
719190
730335
731104
744208
779759
790240
797835
838482
839492
846479
849448
851655
871145
876479
896409
899146
904541
941126
945764
963380
972622
982407
989089
990312
996170
998152
