2340
2882
31431
48764
76516
77523
91622
111049
185503
199300
210226
210888
218126
227309
237416
255824
256005
334980
338520
347975
350709
382528
395093
409454
419014
456492
457049
489954
493806
517374
529522
537704
555564
568853
580581
589803
591584
593058
609747
613298
614335
614558
637002
638781
655573
659892
665696
667019
674323
693376
744798
746984
751908
765589
768942
779759
780614
782054
784718
788130
794478
800814
803364
827542
830737
835512
845017
851655
869341
870166
873408
886034
897744
911750
950475
973343
975712
989089
992902
