3995
74867
102424
103181
107895
121701
151937
155574
183375
191226
230279
230414
236657
243848
248528
255460
275101
285973
290696
305419
337747
347975
368894
401724
402828
406677
409157
435019
447821
458384
469446
476520
476520
482489
492390
517491
523328
529696
541174
546877
546878
562435
593058
613246
637864
665696
674323
674911
692239
696758
719190
719656
719680
730335
731104
747401
751908
779759
784718
806237
838482
839492
846479
849448
850391
851655
869541
870493
871145
874291
876479
896409
899146
906861
929536
941126
960881
982407
988224
989089
