2926
3995
14008
16273
35214
46229
74867
92926
93282
102424
103181
121701
123630
139625
151937
155574
175319
176196
185687
187026
191226
227309
230279
230414
236657
243848
248528
251304
265590
270592
280507
280508
285973
290696
337747
347975
350709
353180
368894
394910
402828
406700
409157
409454
411381
415104
416459
435019
447821
458384
476490
476520
476520
477229
482489
489954
492390
502427
510087
517491
523328
529696
541174
546877
546878
562435
569114
580581
594499
604831
613246
637864
665696
667019
674911
683482
692239
693376
696758
719190
730335
731104
744798
747401
751342
763477
765589
779759
782054
806237
816142
828693
830737
838482
839492
846479
849448
851655
865061
870493
871145
874291
876479
877947
896409
899146
929536
941126
950475
960881
982407
988224
989089
