2926
3995
35214
48764
74867
91622
92926
102424
139625
176196
187026
227309
236657
243848
248528
255460
256489
265590
285973
305419
347975
350709
353180
394910
406700
409157
409454
411381
415104
476490
476520
476520
477229
482489
489954
492390
502427
510087
529696
541174
546877
546878
580581
593058
594499
613246
665696
667019
674323
682934
683482
692239
693376
696758
719190
744798
747401
751908
763477
765589
779759
782054
784718
806237
816142
828693
830737
838482
839492
851655
865061
870493
876479
899146
929536
941126
950475
960881
982407
989089
