2340
2765
2882
2926
3019
3903
3995
4689
5059
5091
5725
6757
7025
7207
7684
9542
10597
10754
10981
11526
12302
12846
13122
14008
15085
15377
15551
16154
16273
16694
18750
19763
20341
20364
20535
21399
21662
22015
22333
22746
23570
24120
24671
25302
25686
25912
26131
26824
26997
27474
27543
27857
28630
28632
29455
30087
30413
31431
32978
33341
33466
33577
34223
34289
34295
35189
35214
35368
35368
36110
36758
37062
37575
38779
39358
41107
41524
42303
43165
43887
45217
45346
46229
47891
48483
48764
51419
51582
52510
52741
53331
55332
55377
55498
55874
55982
57596
57760
58806
59162
59325
59688
60178
60218
60366
60419
61527
63940
64135
64282
64373
66436
66442
67493
68015
69781
70430
70937
71434
71499
71516
71913
72614
72700
73395
73801
74436
74867
76516
76999
77010
77266
77471
77523
78273
79086
79305
80328
80878
81668
82030
82781
82950
83907
84698
84776
84849
84900
86032
86183
86190
87606
88232
88782
89605
90124
90157
90164
90372
90981
91622
91627
92799
92926
93282
93386
93541
93625
93641
94151
94376
94419
94776
95286
96365
96837
98246
99704
101614
102138
102162
102424
102641
103181
103181
103738
103812
104100
104110
104514
104656
105893
106435
107659
107895
107897
108944
109036
109691
109787
110210
111049
111271
111313
112016
112200
113246
114959
115408
115551
116442
116472
116719
117354
118239
119057
119549
119889
121701
122138
122391
123630
123675
123736
123749
123906
124404
125756
128131
128229
128290
128744
129096
130183
131457
132268
132515
132898
133131
133616
135845
136536
137045
137964
139625
139890
140045
140397
142039
142689
143227
144359
144538
145409
145694
147707
147734
147873
148667
148679
148934
148935
149955
150109
151277
151937
153951
154397
154962
155285
155574
156889
159255
160075
160435
160610
161322
161682
164581
164599
166490
166572
166995
167536
167932
167981
168170
168369
168890
169798
170599
170933
171555
171944
172103
172435
175319
176196
177083
178114
178576
178733
179884
180102
181678
182602
182873
183004
183181
183375
184506
185389
185503
185687
187026
187701
187728
187805
189139
189792
190115
191226
191684
191698
192078
195275
195553
197509
198641
199300
199386
200165
200839
200839
202066
202474
205822
206383
207191
207269
208037
208223
208297
208938
209458
210056
210226
210888
211336
211574
211978
212245
212370
212660
213404
213583
215028
215358
215807
216363
217012
218021
218028
218126
220002
221246
221444
222378
223283
225412
225486
225937
227309
228157
228351
228828
229617
229838
229839
230279
230400
230414
230660
232332
232516
232626
232819
233882
234504
235747
236299
236657
237416
238645
238808
242500
243787
243848
244628
246006
246097
247362
247502
248456
248528
248712
250281
250281
251016
251201
251304
251488
251807
252728
252775
252935
254789
255460
255824
256005
256232
256232
256489
257752
258194
258819
258978
258995
259354
259481
260032
260500
261147
261876
262136
262682
262972
263738
264887
265414
265414
265590
265750
266598
267538
267666
267926
268166
269681
269761
270592
271130
271561
272437
274018
275069
275101
275180
277051
277484
278010
278267
278339
278351
278352
278604
279249
280398
280507
280508
283395
283470
283711
283901
284127
284129
284197
284664
284928
285901
285973
286135
288899
289264
289552
289990
290109
290696
291041
291738
292898
293486
293571
294141
294601
294745
294952
295564
296095
296833
297263
299258
299669
301902
303052
303964
305419
305695
306120
307171
307305
307641
307767
308396
308422
309188
310267
311330
311549
313999
314469
314820
315775
316093
316613
316657
317636
317701
317779
318038
318778
319238
319722
319821
320071
320809
320860
321271
321461
322231
322595
324232
326863
327102
328201
328331
328577
328760
329113
330289
331646
331778
334194
334980
334980
335165
335370
336416
336839
336890
337562
337565
337747
338091
338302
338520
338762
339423
340343
341609
342192
342468
342890
342939
343073
343810
344094
345419
345466
345561
347460
347517
347687
347975
348162
348543
348630
348811
348942
349537
349744
350185
350346
350709
351598
351956
352122
352452
353180
353685
353703
353863
354775
354993
355025
355199
355694
356008
356781
357506
357678
359940
360850
361296
361371
362269
362422
362470
365687
365869
366967
366968
367459
368704
368894
369241
369739
369772
370615
371780
372233
372893
373885
375120
375969
376372
377496
378470
378681
378927
379314
379408
379768
379785
379938
380829
380881
381123
381568
382528
382662
382738
383694
383740
384238
386387
388124
388971
391410
392369
392375
393275
393415
394049
394164
394722
394819
394910
395093
395093
395589
396287
397157
397335
397660
397764
398074
399492
399649
400632
400639
400859
401724
402241
402796
402828
403553
403553
403889
404114
404130
404131
404311
404742
406576
406631
406677
406700
407683
408216
408315
408396
408578
409157
409302
409454
409808
410259
410813
411002
411381
412232
413646
414710
415104
415646
415676
416459
416504
417274
417732
417733
418322
419014
419108
419243
419325
419417
420582
420737
420844
420971
420971
421581
422455
422704
422794
423475
423654
423809
424252
425077
425447
427740
428707
429220
430437
432037
433824
434820
435019
435361
435470
435678
435990
436117
438354
438482
439340
439429
439828
439917
439979
440250
441393
441589
442271
442517
443042
443177
443541
445500
445920
445957
446867
447088
447238
447297
447340
447821
448261
449864
450344
450431
450667
451791
452080
452363
453482
453723
453833
453892
453896
453971
454956
455053
455058
456191
456492
457049
457248
458220
458384
458796
459279
459454
459454
460233
460620
460688
461315
462456
462973
464876
465276
465495
465504
465670
465713
466603
466912
467689
467737
468158
468373
469186
469446
470692
474485
474612
474717
475012
476177
476490
476520
476520
476944
477229
478543
480333
480340
480460
480959
481405
481885
482226
482489
482843
483287
483584
483681
483948
485239
485474
485698
485837
485871
486093
486144
486202
486906
487685
487928
489954
490497
490567
490603
490637
490830
492390
492431
492432
493806
493972
494926
495096
495882
495882
496438
496715
497715
498412
500343
500479
502427
503863
504244
504768
505420
506105
507448
507996
508337
508431
510013
510087
511507
511680
512162
512715
513141
513430
513659
514981
515129
515249
515407
515408
516516
517374
517491
518101
518477
519513
519764
520081
520723
521090
521162
521304
521959
523139
523328
523372
523487
524036
524857
525461
527195
527594
527696
527807
528505
528551
528864
529522
529696
529848
530668
531065
531461
531997
532110
532346
533400
534867
535335
535800
536928
537176
537704
538733
538833
539017
539499
539837
539874
540105
540621
541174
541734
541753
542612
543119
543526
544623
544694
544975
545744
546877
546878
549380
550337
550455
551510
551594
552581
553370
553642
553662
553799
555036
555493
555564
555564
556834
556849
557589
557959
557960
558480
559190
561192
562116
562435
565347
565623
566157
566478
566870
567111
567274
567309
567625
567992
568853
569114
569395
570541
570685
571872
571888
573119
573412
574123
574674
576534
577351
577912
578138
578139
578579
578685
578837
580419
580581
580687
582230
582501
582727
583136
583255
583512
584026
585930
585976
586008
586041
586384
586463
586526
587855
588341
588610
589113
589330
589452
589803
590180
590528
590743
590858
591584
591997
592521
592874
593006
593058
593363
594425
594499
597359
597682
598139
598764
599914
600144
600144
600172
601637
603707
603783
604831
606112
606734
607021
607421
607748
608914
609747
610661
611015
612366
612881
613246
613298
613918
614208
614335
614558
615561
617215
617290
617446
617835
619731
620210
620487
621004
621579
623073
624088
625042
625198
627809
628119
628296
628505
628761
629547
630897
631225
631425
631748
631823
632026
632559
632969
633568
633815
633901
634088
634557
634994
636092
636400
637002
637370
637864
638781
639992
640182
641170
641389
641415
641599
642001
642084
643285
644123
645290
645522
647702
648155
648566
649456
649542
650166
650799
650800
651176
651729
652950
653607
654217
654391
654395
654572
654753
655099
655556
655573
656143
657572
658138
658167
658755
659748
659847
659892
660886
661026
663109
663745
664344
665535
665696
666927
667019
667380
668146
668612
669770
670228
671157
672129
672771
673918
674323
674369
674911
675349
675710
675744
675868
676656
677330
677556
678757
678879
679059
679263
679572
681370
681514
681827
682285
682657
682934
683482
683482
683881
683942
684350
685152
685467
687305
687319
688228
688229
688317
689398
689812
690768
690804
691056
691137
691843
692239
693089
693376
694017
694500
696758
697266
699798
700040
700637
700726
703295
704590
704857
705229
705242
706097
706473
706565
706700
707084
708807
709315
709992
710752
711060
711197
711219
711831
712074
713396
713554
713818
713847
713847
715177
715545
717268
718457
719190
719483
719656
719680
720055
720240
720749
721418
721701
721892
723378
724277
724787
726887
727199
727721
728242
728641
728922
728927
729178
730219
730335
730430
731104
731354
733742
735382
735926
736165
738806
738896
739238
739666
740999
741702
743388
744208
744798
745333
745560
746363
746515
746652
746984
747239
747401
748256
748273
749122
749288
749676
749767
750316
750549
750738
751342
751908
751975
752273
752784
753292
753465
755173
755202
755294
756538
756660
756719
756738
756827
757212
757493
757931
758433
758548
758888
760725
761048
761271
761680
762013
763477
763734
763939
764252
765589
766031
768019
768300
768741
768942
771171
771544
771717
771887
772125
773718
774610
775635
775850
776231
777265
777876
778343
779281
779520
779759
780110
780603
780614
781346
782054
784515
784718
785097
785531
785542
785660
787024
787105
788130
788574
789333
790240
790899
792953
794478
795129
797835
800400
800814
800836
802225
802758
802790
803043
803362
803364
804082
804377
804743
806115
806237
806517
806569
807997
808587
808654
809256
809344
810528
810819
811011
811954
812156
812833
812949
814141
814684
814767
814768
815031
815486
816142
816876
817697
817698
817747
819223
819524
820143
820300
820789
822507
822848
823118
823877
824875
826843
827281
827507
827542
827633
827685
827704
828693
829675
830737
831995
832092
832687
833015
833350
834338
834747
834752
835320
835512
835824
836535
838201
838482
838831
839122
839394
839441
839492
840350
841892
845017
845017
845157
846310
846479
847681
848629
849448
849698
849811
850391
850556
851165
851481
851655
851777
851976
853796
853827
854468
854558
855022
855142
855142
855590
856489
856735
856997
857060
857598
858247
859598
860013
860166
860377
860457
861293
861761
861918
861918
862024
862695
864559
865061
865823
867533
869059
869341
869541
869976
870166
870493
871145
873408
873619
874131
874291
875204
875265
875908
876479
876613
877220
877947
878272
878313
878314
878769
879096
879588
879652
879653
879745
880546
882422
882577
883480
884654
885077
885382
885709
885831
886034
886970
887455
887467
888232
888695
890357
890672
890707
890707
890752
891875
892449
893534
894757
895126
895480
895801
896087
896409
896862
897744
898274
898302
898883
899043
899146
899368
899592
900009
900046
900853
901279
901839
903015
903525
904443
904541
905091
905343
906348
906776
906861
907213
907602
907985
908726
910996
911392
911395
911645
911750
911805
912392
912665
913606
914329
914401
914431
914995
915030
916208
918550
919165
919988
920487
921751
923483
924167
924407
924576
924981
927980
928048
929199
929293
929536
929577
929899
930543
931544
932938
933212
933331
934028
934353
934975
935293
935496
935994
936248
937939
938106
938806
939066
939168
939247
939284
939528
939700
939933
941126
941127
943418
944061
944250
944294
945010
945010
945328
945764
946615
946710
946753
946883
948818
949377
949558
950301
950307
950336
950475
952846
953729
954166
954601
955325
955944
956001
957184
957445
957476
958294
958359
959862
960737
960881
960919
961594
961864
962180
962325
963380
963450
964296
967155
969263
969550
969557
970435
970797
971188
972417
972582
972622
972889
972912
972913
972986
973010
973175
973343
974433
975712
975712
976407
976619
976927
978331
978808
979597
980611
980639
982407
982556
983634
983945
988224
989089
990073
990312
991158
992902
994225
994480
995007
995478
996127
996148
996170
996334
996509
996582
996671
996684
997285
998152
998512
998652
999014
999123
999540
