2926
3995
14008
16273
35214
46229
48764
74867
91622
92926
93282
102424
103181
107895
121701
123630
139625
151937
155574
175319
176196
183375
185687
187026
191226
227309
230279
230414
236657
243848
248528
251304
255460
256489
265590
270592
275101
280507
280508
285973
290696
305419
337747
347975
350709
353180
368894
394910
401724
402828
406677
406700
409157
409454
411381
415104
416459
435019
447821
458384
469446
476490
476520
476520
477229
482489
489954
492390
502427
510087
517491
523328
529696
541174
546877
546878
562435
569114
580581
593058
594499
604831
613246
637864
665696
667019
674323
674911
682934
683482
692239
693376
696758
719190
719656
719680
730335
731104
744798
747401
751342
751908
763477
765589
779759
782054
784718
806237
816142
828693
830737
838482
839492
846479
849448
850391
851655
865061
869541
870493
871145
874291
876479
877947
896409
899146
906861
929536
941126
950475
960881
982407
988224
989089
