2926
3995
10754
14008
16273
22333
27543
35214
36110
46229
48764
53331
59162
74867
90124
91622
92926
93282
102424
103181
107895
109787
121701
123630
139625
149955
151937
155574
159255
175319
176196
178114
183375
185687
187026
191226
207191
227309
230279
230414
236657
243848
248528
251304
251807
255460
256489
265414
265590
270592
275101
280507
280508
285973
290696
299258
305419
307171
322231
337747
339423
342468
347975
350709
353180
368894
369241
394910
400859
401724
402828
403889
406677
406700
409157
409454
411381
415104
416459
432037
435019
447821
450344
452080
458384
459454
469446
476490
476520
476520
477229
482489
489954
492390
502427
510087
516516
517491
521304
523328
529696
541174
546877
546878
562435
569114
573412
580581
582727
583512
593058
594499
604831
613246
637864
642001
665696
667019
674323
674911
682934
683482
683482
692239
693376
696758
703295
706700
713818
719190
719656
719680
730335
731104
735382
744798
747401
751342
751908
763477
765589
772125
779759
782054
784718
785660
787105
806237
814684
816142
816876
824875
828693
830737
838482
839492
846479
849448
850391
851655
865061
869541
870493
871145
874291
876479
877947
896409
899146
904541
906861
929536
935293
941126
950475
960881
982407
988224
989089
996170
