2340
2882
2926
3995
6757
7025
10754
11526
14008
18750
22746
26997
31431
33341
33466
35214
35368
35368
48764
51582
52510
52741
53331
58806
60366
64135
64282
66436
71499
74867
76516
77523
79086
80328
83907
86190
88232
90164
91622
91627
92926
93282
94151
102424
103181
103738
104514
107895
109691
111049
123630
124404
128131
139625
148679
151937
155574
159255
167981
172103
175319
176196
183375
185503
185687
187026
189139
190115
191226
191698
197509
198641
199300
200839
202066
205822
207191
208938
209458
210056
210226
210888
212660
213404
218126
221246
225486
227309
230279
230414
232332
232626
232819
236657
237416
238808
243848
246097
248528
251304
251807
252775
252935
255460
255824
256005
256489
265590
267666
269681
269761
270592
271561
274018
275101
275180
278351
278352
280507
280508
285973
290109
291041
294745
303052
305419
308396
317636
320071
320860
321461
322231
328201
331646
334980
336890
337747
338091
338520
342939
343073
343810
344094
347975
350709
353180
355025
366967
366968
367459
368894
369241
372893
375120
382528
384238
386387
392375
394910
395093
396287
400632
400639
400859
401724
402828
403553
403889
406631
406677
406700
408216
408315
409157
409454
411381
412232
413646
415104
416459
417732
417733
419014
419325
420971
422704
423475
428707
435019
438354
440250
443541
447297
447821
452080
452363
453892
456492
457049
457248
458384
458796
459454
464876
467689
469446
476177
476490
476520
476520
477229
480333
480959
481885
482489
486144
486906
487928
489954
492390
492431
492432
493806
496438
502427
510087
511507
516516
517374
517491
521304
523328
524036
527594
528505
528551
528864
529522
529696
529848
537176
537704
540105
541174
543526
546877
546878
549380
553799
555036
555564
562435
566870
567274
567625
567992
568853
569114
574674
580581
580687
587855
589330
589803
590180
590743
591584
593058
594425
594499
597682
599914
609747
610661
613246
613298
613918
614208
614335
614558
617215
617290
620210
623073
625042
628296
630897
632026
632559
637002
637370
637864
638781
640182
642001
642084
644123
645290
645522
647702
648155
649456
649542
654753
655099
655573
656143
657572
658755
659847
659892
660886
665535
665696
666927
667019
668612
672771
674323
674911
678757
679572
682934
688317
692239
693376
696758
697266
703295
706473
709315
713396
713818
719190
719483
719656
719680
720240
720749
723378
724787
727199
728242
730335
731104
736165
741702
744798
746984
747401
749676
749767
750316
751908
751975
755202
757493
758888
763477
763734
765589
768019
768942
771717
772125
778343
779520
779759
780614
781346
782054
784718
785542
785660
788130
788574
794478
797835
800400
800814
802225
802790
803364
804082
806237
808587
809256
810819
812156
814767
814768
816142
817697
822507
823118
827542
827633
828693
830737
832092
834747
835512
838482
839492
841892
845017
845017
846479
848629
849448
850391
851655
853827
857598
860166
860377
862024
862695
865061
865823
869341
869541
869976
870166
870493
873408
873619
874291
875204
876479
876613
877220
877947
878769
885831
886034
887455
888232
890672
890707
893534
896409
897744
898883
899146
899368
900009
900853
904541
905343
906861
907213
908726
911392
911750
919165
921751
924576
929536
929899
931544
933331
935293
937939
939528
941126
941127
945010
945328
948818
949377
950301
950475
955325
956001
957445
958359
970435
972582
972622
972889
972986
973343
974433
975712
978808
982407
982556
988224
989089
990073
992902
994225
994480
995007
995478
996127
998152
998512
999014
