15299
25742
28546
34776
52373
54340
99903
103714
104073
116149
127038
138115
158441
161684
173424
180184
193202
223014
249395
254379
254761
259982
273808
288208
297808
315721
345922
363602
365407
376866
391868
421887
422007
425904
446219
447028
458864
459190
466532
477880
518746
519062
520637
528797
535746
550616
566316
570632
575602
581625
598207
612719
628137
631266
642620
667297
686134
694798
704932
713582
739355
740664
746966
760820
760821
761598
786140
790678
793477
794440
819407
819809
833686
838071
878302
879300
899025
899207
913071
955832
990710
994858
