15299
25742
28546
47684
50380
52373
54340
81535
81955
99903
100347
103217
104073
116149
127038
138115
158441
161684
173424
180184
225171
226203
245049
249395
254379
259982
273808
288208
297808
303132
320333
333163
345922
349579
356838
358031
363602
365407
376866
391868
421887
422007
446219
446659
447028
458864
477880
508543
519062
520637
550154
550616
566316
567149
575602
583846
597414
612357
613601
619855
628137
631266
657046
667297
686134
694798
704932
713582
761598
786140
790678
798788
801061
801061
819809
833686
838071
855930
858294
879300
899207
912709
913071
955832
983365
994858
