41
775
1304
1636
2063
3396
3731
6176
6457
9534
11102
12527
13450
15000
15299
15627
16460
16932
17151
18419
19838
20035
25373
25742
25885
27458
27780
28546
29068
30909
32445
32617
32659
32774
34776
36216
36440
37589
39770
43179
46135
47684
48235
48673
50380
52373
52995
53555
54103
54340
54471
55560
55569
58575
60005
63157
64013
65522
66468
66524
68428
69032
71603
72747
73229
74078
74093
74984
75274
78078
78816
78816
79535
79904
80791
81535
81955
84229
85556
86997
87181
90145
90970
91122
92124
92201
92439
92571
92964
93605
94820
99903
99974
99984
100347
101127
102424
103217
103714
103729
103772
104073
104894
105410
107580
108283
108600
108740
108915
112810
113066
114967
116149
117946
118953
119606
121949
122916
123425
123544
126810
127038
127052
127052
129457
130382
131450
131972
132910
133954
134210
135724
136047
136666
136851
137129
138115
138958
138958
139884
145434
146078
147002
148095
150646
150927
151504
152419
154912
156890
157186
158441
160131
161684
162486
165996
166223
168056
168130
168236
169971
173424
175515
177789
179398
180184
180413
180974
181086
181827
185799
187146
188254
188451
190208
190209
191244
191314
193202
195025
197780
199010
200660
202971
203435
203855
204496
204760
204916
207925
207934
209811
210356
210976
211624
213461
213548
213615
214704
218299
220482
223014
224351
225171
227931
230784
233038
235314
237257
240011
242340
242588
245143
246351
248161
248625
249056
249395
249876
250577
251594
252192
254379
254761
256842
257001
258072
259361
259947
259982
262649
264874
267410
269373
269752
270348
270602
273808
275055
275627
275644
275903
276834
278282
279641
280761
281435
283479
283899
283997
284121
284387
285123
286092
288208
289618
289771
291410
291608
292135
292488
294671
296370
296593
296593
296795
296812
296888
297808
298590
298959
299663
300598
301762
303132
303908
305213
306677
306779
307279
307753
308440
308955
315721
316280
317316
318249
318255
318685
319858
320333
323078
324299
324361
324362
325038
325143
325257
325934
326333
327406
327610
331170
331710
332081
334055
334117
334832
335755
339832
340154
340937
340938
344787
345922
346083
347235
347235
349539
349579
350078
351392
352014
353783
354679
355438
356838
357852
359531
360090
362511
362961
363602
363884
363904
363904
364602
365407
365974
366206
367625
368967
369149
371775
373435
376866
377344
379282
385587
391868
391981
392057
395018
396574
397131
400046
401329
401408
401718
401788
404196
404785
405370
410543
411619
414102
415548
416523
416999
418889
419217
420191
421674
421887
421908
422007
423050
425904
427289
427325
427389
427486
428312
432412
436002
436806
438377
438676
439120
439600
441672
441717
444622
446219
446659
447028
448137
452245
454257
458356
458864
459190
462294
465201
466499
466532
467473
471115
471535
472887
473821
473985
475089
477880
478629
478730
479367
480533
483290
485665
485909
488104
489952
493660
494089
494504
500380
500635
502714
503927
506054
506448
508856
509146
509342
510087
511061
513976
514261
514427
514672
515560
516285
516869
516962
517683
517842
518746
519062
520377
520637
521582
522570
523476
526484
528536
528797
529178
533257
533652
535722
535746
536738
541927
541961
543471
547026
547849
547930
549317
549460
550154
550616
551239
551499
553251
553633
555191
556964
558223
559738
559810
565006
565063
565803
566316
567019
567149
567342
567631
569731
569862
570019
570632
573175
573235
575602
576017
576749
578794
579443
581068
581625
584094
584243
585006
588925
591123
594170
594868
596169
597224
597630
598002
598207
599312
600128
602011
605059
605265
605338
609091
609265
610199
612357
612719
613497
613601
617210
619797
619855
620716
625218
628137
628647
631266
634310
634370
635843
639430
639993
642545
642620
642930
644188
646355
647086
649078
652338
656837
657046
657786
659103
661167
663657
664275
665905
667297
667738
672576
672794
675041
676042
676565
679928
681900
683497
686134
687549
687845
691556
691557
691770
692020
694798
696956
698663
700026
700362
704932
706248
707559
708012
710176
710527
712949
713334
713381
713582
713591
713986
715087
716730
720424
721031
722721
723504
728731
733352
735330
735787
735831
739355
739411
739522
740664
741395
741411
743176
743238
743319
743356
744379
745317
745439
746966
750242
751043
751097
751109
755083
756403
759647
760820
760821
761598
762422
765492
766832
768180
768483
773238
775289
779469
779624
780361
781054
783214
786112
786112
786140
787837
788533
790165
790678
793477
794440
794699
797061
797769
798447
798807
799957
801061
801061
801336
806033
806329
808354
808361
808894
811229
813788
814224
816592
818076
819407
819625
819809
820613
821089
822006
824057
827459
827763
828281
829174
829579
832039
833474
833686
834575
835659
836570
838071
839179
840110
841046
842138
842867
846260
847508
849328
849350
852936
853446
855570
855930
856381
857069
859810
866992
867672
868119
873190
873954
874713
875575
877360
878302
879300
879338
879646
879758
883231
883535
883548
886241
887391
887659
889499
889584
890577
891942
893352
894200
895748
898536
899025
899207
900349
900703
904215
904998
905237
907884
908516
908796
909995
911657
912246
912501
912709
913071
914738
918093
919933
919934
919935
922660
925278
925527
927773
928454
929125
934170
934643
935134
941098
941099
941167
944855
946406
949685
952695
952900
955832
957376
959569
960144
960869
969982
969992
972370
974813
976531
976961
979060
980096
981189
981262
981816
983365
983791
985418
987888
988201
988201
988541
990710
994858
995134
995808
996480
998268
998612
999777
