41
775
1304
1636
2063
3396
3731
6176
6457
15299
16932
18419
19838
20035
25742
25885
28546
29068
30909
32445
32659
32774
34776
36216
36440
37589
43179
46135
47684
48235
50380
52373
52995
53555
54340
54471
55560
55569
60005
65522
66468
66524
68428
69032
71603
74078
74093
74984
78816
78816
79535
80791
81535
84229
85556
90145
90970
91122
92124
92201
92439
92571
92964
93605
99903
99984
101127
103217
103729
103772
104073
105410
107580
108283
108600
108740
108915
112810
113066
116149
117946
119606
121949
122916
126810
127038
127052
131450
134210
135724
136047
136666
136851
138115
138958
146078
147002
148095
156890
158441
161684
162486
168236
173424
177789
179398
180184
180413
185799
187146
188254
188451
191244
191314
193202
197780
199010
202971
203435
207925
209811
211624
213615
218299
220482
223014
224351
225171
235314
237257
240011
242340
242588
245143
246351
248161
249056
249395
251594
252192
254379
256842
257001
258072
259982
262649
267410
269373
270348
273808
275055
275627
275644
278282
279641
281435
283479
283997
284121
284387
285123
286092
288208
289618
289771
291410
291608
292135
292488
294671
296370
296593
296795
296812
296888
297808
299663
300598
303132
305213
306677
306779
307753
308440
315721
316280
317316
318249
318255
318685
319858
320333
323078
324299
324361
324362
325038
325143
325934
326333
327610
331710
334055
334117
334832
339832
345922
346083
347235
347235
349579
350078
351392
352014
353783
354679
355438
356838
362511
362961
363602
363884
363904
364602
365407
367625
369149
371775
373435
376866
377344
379282
385587
391868
391981
396574
400046
401329
401718
401788
404196
405370
411619
414102
415548
416523
418889
420191
421887
421908
422007
423050
425904
427325
427389
427486
428312
432412
436806
439600
441672
441717
444622
447028
452245
458864
459190
465201
466499
466532
467473
471115
471535
472887
475089
477880
480533
483290
485665
493660
494089
494504
503927
506054
506448
508856
509146
511061
513976
514427
515560
516285
516869
516962
517683
517842
518746
519062
520377
521582
523476
526484
528536
528797
535722
536738
541927
541961
543471
547026
549460
550154
550616
551499
553251
553633
555191
556964
559738
565006
566316
567342
567631
569862
570019
570632
575602
576017
576749
579443
581068
581625
584094
584243
585006
588925
591123
594170
597224
597630
598207
599312
609091
609265
612357
612719
613497
613601
617210
619797
619855
620716
625218
628137
631266
634310
635843
639430
639993
642545
642620
642930
644188
646355
652338
657046
661167
663657
664275
667297
672576
675041
676042
676565
679928
681900
686134
691556
691557
691770
694798
696956
698663
700026
700362
704932
707559
708012
710176
710527
712949
713381
713582
713591
713986
720424
735330
735787
735831
739355
739411
740664
743319
746966
750242
751043
751097
756403
760820
760821
761598
766832
768180
773238
779469
779624
780361
781054
786140
788533
790165
790678
793477
794440
794699
797061
797769
798807
801061
801061
801336
806329
808361
811229
814224
816592
819407
819809
820613
821089
827763
829174
829579
833686
834575
835659
836570
838071
840110
841046
842138
842867
846260
847508
852936
857069
866992
867672
868119
873190
874713
875575
878302
879300
879338
879646
883548
886241
887391
889499
891942
893352
895748
899025
899207
900349
905237
908516
908796
909995
911657
912246
912709
913071
914738
918093
922660
925278
925527
927773
928454
934170
934643
935134
944855
949685
952900
955832
957376
959569
960144
969982
969992
972370
974813
976961
979060
980096
981189
981262
981816
983365
983791
985418
988201
988201
988541
990710
994858
995808
996480
998612
999777
