41
692
775
1304
1436
1636
2063
3396
3461
3462
3529
3731
3932
4604
5712
6176
6457
6503
6715
8594
9534
10138
10795
11102
11114
11126
12527
12894
13450
15000
15299
15492
15627
16460
16932
17151
17278
17856
17857
17858
18419
19838
20035
20178
21986
22023
22752
25373
25742
25885
27009
27259
27283
27458
27516
27780
28546
29068
29165
29278
30478
30909
31385
32445
32617
32659
32774
32789
34404
34445
34776
34885
35990
36216
36440
36953
37129
37589
38128
38953
39131
39136
39770
39863
40043
40144
40923
41962
42201
43179
43889
45147
45606
46135
46760
47191
47684
48235
48673
50380
51574
52373
52995
53555
53813
53814
53963
54103
54132
54340
54471
55560
55569
55912
58575
58909
60005
61653
61775
62271
63032
63157
64013
65522
66036
66468
66524
66615
66623
67102
67298
68325
68402
68428
68900
69032
69255
69602
69994
70451
71157
71603
71660
72068
72747
73229
73379
74078
74093
74114
74984
75274
76295
77480
78078
78816
78816
79535
79904
79940
80044
80116
80287
80791
80900
81535
81955
83571
84229
84566
84850
85230
85556
85582
86163
86997
87181
87628
88025
88143
88710
88720
89668
90145
90145
90970
91122
91141
91411
92124
92201
92439
92555
92571
92964
93296
93605
94486
94820
95162
95443
96975
97206
99143
99367
99651
99903
99941
99974
99984
100347
101127
101282
101330
102424
103217
103228
103309
103714
103729
103772
103919
104073
104209
104271
104894
104945
105410
106211
106649
106859
107134
107580
107690
107923
108203
108283
108600
108740
108915
109037
109314
110556
110572
110693
110743
111014
111678
111840
112162
112540
112810
113066
114847
114967
115561
116149
116956
117946
118180
118953
119358
119606
119766
121949
122592
122916
123349
123390
123425
123544
124130
124993
126810
127038
127052
127052
128596
129457
129877
130297
130382
130977
131284
131450
131972
131972
132051
132910
133023
133794
133954
134210
134621
135724
136047
136666
136702
136736
136792
136851
136887
137129
137924
138115
138958
138958
139884
140682
142665
143604
145007
145434
145516
146078
147002
147806
148095
148165
148582
148713
148920
150084
150646
150927
151167
151504
151868
152021
152419
152452
152602
154912
155930
156779
156784
156890
157186
158438
158441
158493
159876
160131
160577
160892
161684
161684
162486
162525
162692
163121
165476
165996
166223
166223
167145
167869
168056
168130
168236
169008
169971
172421
173424
174988
175515
175541
175944
177789
178637
178692
178783
179398
180184
180413
180974
181055
181086
181127
181431
181827
182075
182343
182650
183346
184502
184691
185799
187146
187864
187960
188113
188254
188451
189098
189946
190208
190209
191244
191314
192345
192970
193202
193582
194098
195025
197752
197780
197933
199010
200265
200660
202971
203435
203550
203846
203855
203869
204099
204449
204461
204496
204760
204916
205962
206053
206514
207925
207934
208916
209250
209267
209688
209811
210356
210667
210976
211624
213461
213548
213615
214407
214664
214704
215527
215740
217449
217876
217879
218299
218455
218817
219211
219220
219529
220482
222622
223014
224140
224351
224588
225171
225811
226203
226542
227316
227924
227931
228741
228964
230034
230784
230820
231225
231835
233038
233536
233536
233889
234213
234834
235314
235615
237257
238714
238766
240011
241659
242092
242324
242340
242588
243190
243369
243841
244700
245049
245143
245428
245691
245701
246351
248161
248625
248705
248873
249056
249056
249395
249607
249876
250577
250873
250898
251333
251594
252192
252761
253321
254379
254651
254761
254778
254969
254970
255247
256094
256472
256842
257001
258072
258693
259361
259760
259947
259982
261675
261767
262649
263624
264874
265775
266043
267410
268052
268535
268974
269042
269373
269752
270221
270266
270348
270602
271623
271628
272446
273806
273808
273833
274481
275055
275074
275175
275627
275644
275826
275903
276195
276834
276899
277635
277697
278282
279540
279592
279641
279860
279866
280025
280072
280761
281146
281435
281552
282417
282877
283479
283882
283899
283997
284121
284253
284387
285123
286092
286616
288208
288592
289618
289771
289885
290848
291410
291608
292135
292488
293620
294541
294572
294671
296265
296370
296370
296593
296593
296707
296795
296812
296888
297232
297808
298590
298959
299663
300165
300598
301762
302504
303132
303908
305153
305213
306617
306677
306779
307279
307391
307753
308300
308440
308867
308955
310301
310624
310956
312212
312730
314453
315271
315721
316280
317316
317368
318135
318249
318255
318455
318685
319858
319885
320333
320507
320746
321276
321567
321652
321746
321900
323078
323346
323491
323505
324266
324299
324361
324362
325038
325143
325257
325934
326130
326333
327406
327610
327663
331170
331578
331710
332081
332273
333163
333801
333877
334055
334117
334261
334832
335417
335676
335713
335755
336324
336719
338007
338430
339064
339832
340038
340154
340248
340937
340938
341364
341918
341965
342810
344787
345922
346083
347235
347235
347504
348088
348391
348543
349539
349579
350078
350343
350552
351007
351392
352014
352775
352778
352778
353119
353358
353783
353785
354070
354679
354831
354910
355438
355655
355808
356025
356838
357219
357840
357852
357864
358004
358031
359531
360090
360994
361696
362279
362511
362961
363602
363884
363901
363904
363904
364220
364602
364607
364622
365407
365974
366206
366893
367030
367625
368287
368555
368967
369149
369201
371775
372266
372339
373331
373435
373488
374266
375352
375514
376426
376564
376866
377055
377344
378629
379282
379567
380678
380759
381347
382238
383148
384055
384452
385587
386572
388241
388281
388479
388792
391189
391577
391601
391868
391981
392057
393474
394361
394667
395018
395965
396010
396574
396742
397131
398643
399277
399807
399952
400046
400435
400649
400775
401142
401155
401329
401408
401540
401628
401718
401788
402748
404196
404785
405090
405370
407858
410543
411017
411447
411619
411896
413103
413484
414102
414282
415531
415548
416523
416885
416999
418095
418889
419217
419457
420151
420191
421674
421887
421908
421956
421958
422007
423050
425274
425766
425904
426528
426530
427289
427325
427389
427486
428261
428312
428577
430746
431324
432057
432331
432412
433471
434724
435046
435327
436002
436556
436589
436777
436806
437499
438377
438676
439120
439462
439600
440190
440206
440288
440659
441092
441286
441489
441637
441672
441717
443679
443723
444000
444193
444622
444822
444893
445712
446219
446659
447028
448137
448756
449104
449847
450814
451399
451449
452245
452992
453460
454054
454257
455702
455898
456456
456686
457192
458011
458116
458356
458399
458864
458994
459190
459365
459430
460607
461205
461373
461668
461753
461815
462283
462294
463498
464631
465005
465201
465813
466499
466532
467149
467473
467724
467912
470682
470943
471115
471535
472367
472887
473305
473821
473936
473985
475089
475526
477045
477880
477999
478629
478730
479250
479311
479367
480207
480533
482675
483290
483562
483795
484266
485015
485665
485909
486278
486507
486830
487373
487390
488049
488104
488669
488696
489230
489345
489948
489952
492633
492765
492842
493234
493660
494062
494089
494504
494977
495322
495643
495700
496891
496908
497308
497763
497800
499590
499689
500380
500635
502333
502334
502335
502714
502842
503620
503927
505354
506054
506448
506600
507293
507434
508543
508856
508861
509146
509342
510087
510610
511061
511736
512768
512778
512783
513976
514261
514427
514506
514672
514919
515508
515560
516285
516869
516880
516962
517051
517683
517841
517842
518215
518484
518485
518746
519062
520243
520253
520377
520637
520985
521582
522306
522515
522515
522564
522570
523476
523854
524303
526442
526484
526659
526910
527682
528536
528797
529178
530582
531040
532345
532561
533257
533652
533949
534156
535122
535579
535722
535746
536212
536738
537452
538418
538861
539123
540762
541588
541726
541927
541961
542755
543471
545402
546233
547026
547528
547849
547930
549317
549460
550154
550616
550785
550842
550945
551239
551499
552639
552913
553251
553584
553585
553633
554120
555191
555280
556964
558223
558506
559116
559738
559810
563945
565006
565063
565128
565803
566190
566316
566329
566747
567019
567149
567160
567342
567631
568346
568800
569731
569858
569862
570019
570077
570632
570959
572095
572605
572637
573052
573175
573235
573307
574405
575602
576017
576749
577303
578246
578794
579443
579682
581068
581420
581625
582202
582597
582878
583141
583240
583846
584094
584243
584961
585006
586650
587867
588770
588925
590832
591123
592109
592773
593090
594170
594375
594868
596169
597224
597414
597630
597959
598002
598207
599312
599681
599701
599827
600061
600128
600489
601065
601232
601848
601928
602011
602522
603472
605002
605059
605265
605338
606211
607291
608309
609091
609265
610199
610466
610641
610933
611128
611592
612246
612357
612719
612799
612882
613136
613149
613497
613601
615042
616364
616418
616581
617117
617210
617434
618352
619123
619281
619539
619797
619855
620564
620716
620833
622553
623908
625218
625527
626333
627147
628137
628647
629772
629849
629979
631018
631266
632082
632303
632362
634051
634053
634310
634370
634618
634945
635225
635843
637965
638574
639430
639993
640379
640385
640696
641247
641809
642256
642545
642620
642930
644188
644345
646355
647004
647086
647595
647958
649078
649079
650106
650519
650992
651287
651778
652204
652338
653964
656465
656837
657014
657046
657786
659103
659171
660319
660646
661167
662283
662464
662677
662714
662769
662815
663657
664275
665905
667297
667738
668527
670245
670474
672248
672576
672671
672794
673385
673830
675041
675446
676042
676565
676837
676916
677289
677342
678697
679648
679673
679928
680661
680707
681406
681900
683497
683842
684142
685566
685626
685832
686134
687401
687549
687845
688384
688385
688862
691556
691557
691770
692020
692655
692986
694049
694313
694798
695569
696390
696956
697068
698001
698520
698663
698673
698964
700026
700362
700578
700646
700792
701121
701920
702011
703483
703770
704907
704932
706248
706760
707231
707559
708012
708223
709006
709695
710176
710527
712274
712949
713334
713381
713582
713591
713986
714353
714789
715087
715993
716612
716730
719750
720424
721031
722721
723504
723734
723957
724532
725484
725683
726330
727164
728646
728731
729590
733161
733352
733390
734562
735330
735787
735831
736161
736782
737828
738173
738246
738272
739355
739411
739522
740655
740664
740693
741395
741411
741626
742123
742444
743176
743238
743319
743356
744379
744897
745317
745439
745504
745895
746966
747911
748362
750242
750275
750587
751043
751097
751109
751866
753633
755083
755535
755754
756403
756674
757056
758015
758686
759647
759765
760354
760820
760821
760919
761598
762422
762795
764418
765006
765492
766383
766421
766730
766832
766939
768180
768483
769873
770273
773017
773238
775289
775608
777832
777956
778887
779469
779624
780361
781054
781096
782745
783214
784109
786112
786112
786124
786140
787035
787043
787727
787837
788005
788334
788533
789221
790165
790377
790678
792978
793390
793477
793663
794440
794699
795222
797061
797769
797778
798447
798788
798807
799366
799957
800307
801061
801061
801336
802182
806033
806314
806329
807693
808354
808361
808894
809641
811229
812028
812934
813196
813788
814224
814669
815241
816562
816592
817618
817708
818076
819407
819625
819809
820560
820613
821089
821129
821592
822006
822557
823614
824057
824242
825587
825924
827459
827763
828281
828810
829174
829579
829927
830009
830304
830899
830900
831459
832039
833474
833686
834162
834575
835659
836570
837330
838066
838071
838403
838863
839179
839384
840110
841046
841292
841709
842138
842171
842867
843301
843673
844611
845023
845911
846222
846260
846523
846895
847064
847508
847508
848128
849328
849350
850718
850834
851037
851304
852936
852997
853446
853772
854125
854584
854987
855020
855570
855695
855734
855736
855930
856331
856381
857069
857323
858294
859646
859810
863140
863798
863908
864333
864654
866992
867672
868119
868198
870674
870751
873190
873432
873875
873954
874459
874713
874886
875575
876651
876723
876978
877360
877440
878302
878559
879300
879338
879455
879646
879758
880037
881714
881714
882491
882782
883231
883535
883548
884389
884899
885537
886105
886241
886971
887391
887659
888053
888652
889499
889584
890577
891086
891942
892307
892831
893352
894200
894259
895748
895874
895987
898085
898536
899025
899207
900016
900191
900349
900703
900819
901341
901351
901475
901660
902479
902516
903112
904215
904603
904668
904998
905237
907770
907774
907884
908516
908796
909995
910097
910403
911266
911390
911657
911920
912197
912246
912396
912501
912709
913071
914374
914738
915350
915872
918093
918221
918972
919933
919934
919935
919963
920290
920902
922285
922607
922660
924968
925278
925527
926255
926421
926686
927347
927773
928038
928454
928649
928665
929125
929519
930070
930452
932934
933291
933822
933957
934170
934643
935134
935492
937423
938027
938855
939941
941098
941099
941167
941572
941666
941794
944468
944724
944855
945317
946058
946380
946381
946406
947384
947472
948852
949685
952695
952900
953512
954632
955271
955714
955832
956385
957376
957694
957733
958762
959072
959171
959569
959631
960121
960144
960765
960869
960908
961250
961390
962563
963527
965530
966691
966995
969716
969982
969992
971233
971680
972370
972662
972735
972788
973537
974470
974622
974813
975177
976164
976531
976636
976961
977099
977241
978480
979023
979060
979128
980096
981189
981262
981816
981976
982458
982581
983365
983791
984744
984970
985389
985418
985566
985772
986370
986463
987888
988201
988201
988412
988541
988642
989374
990710
991149
991415
993142
993336
993337
994121
994586
994786
994858
995094
995134
995808
996480
997227
998268
998612
999680
999777
