41
1636
2063
3396
15299
16932
19838
20035
25742
28546
30909
32445
32774
34776
46135
52373
52995
53555
54340
54471
55560
55569
68428
71603
74078
74093
74984
78816
78816
79535
80791
84229
85556
90145
90970
91122
92124
92571
99903
101127
103729
103772
104073
107580
108740
116149
121949
127038
127052
131450
138115
148095
158441
161684
168236
173424
177789
180184
187146
188254
188451
193202
197780
199010
202971
209811
211624
213615
220482
223014
224351
235314
237257
242340
242588
245143
246351
249395
254379
259982
267410
273808
278282
281435
283479
283997
284387
286092
288208
289618
292488
296812
296888
297808
306677
306779
315721
318255
324299
324361
324362
325038
325143
325934
331710
334055
334832
339832
345922
346083
347235
347235
351392
352014
353783
354679
355438
356838
362961
363602
363904
365407
369149
371775
376866
377344
379282
385587
391868
401329
401718
411619
414102
418889
420191
421887
422007
423050
425904
427389
428312
432412
441717
444622
447028
458864
459190
466499
466532
467473
471115
472887
475089
477880
480533
494504
503927
506054
508856
509146
511061
513976
515560
516285
516869
516962
517683
517842
518746
519062
523476
526484
528536
528797
535722
536738
543471
549460
550616
553251
553633
556964
559738
565006
566316
570632
575602
576017
581625
584243
591123
597224
597630
598207
609091
609265
612719
613497
628137
631266
635843
642545
642620
644188
652338
667297
675041
676042
676565
679928
681900
686134
694798
704932
707559
713381
713582
713591
720424
739355
740664
746966
750242
760820
760821
761598
768180
773238
779469
781054
786140
788533
790165
790678
793477
794440
794699
797769
801336
806329
816592
819407
819809
820613
829579
833686
834575
836570
838071
840110
842138
842867
857069
866992
867672
868119
873190
878302
879300
879338
879646
889499
893352
895748
899025
899207
905237
909995
912709
913071
918093
922660
925527
927773
928454
944855
949685
955832
957376
959569
969982
980096
981189
983791
990710
994858
995808
996480
998612
