2063
15299
16932
25373
25742
28546
29068
32659
34776
47684
48235
50380
52373
54340
60005
74078
81535
81955
92964
93605
99903
99984
100347
103217
103714
103729
104073
108283
108600
116149
119606
127038
136851
138115
158441
161684
173424
179398
180184
185799
193202
207925
223014
225171
246351
249395
254379
254761
257001
259982
262649
267410
273808
275055
288208
296795
297808
303132
315721
320333
334117
345922
349579
350078
356838
363602
365407
376866
391868
396574
400046
415548
421887
422007
425904
441672
446219
446659
447028
452245
458864
459190
465201
466532
477880
483290
518746
519062
520637
521582
528797
535746
547026
550154
550616
566316
567149
570632
575602
579443
581625
584094
598207
612357
612719
613497
613601
619855
625218
628137
631266
634310
642545
642620
657046
667297
667738
672576
686134
694798
698663
700026
704932
710176
713582
713986
739355
739411
740664
746966
756403
760820
760821
761598
786140
790678
793477
794440
797061
801061
801061
819407
819809
833686
838071
855930
875575
878302
879300
899025
899207
912246
912709
913071
914738
928454
955832
960144
983365
985418
990710
994858
