1636
2063
3396
15299
32774
34776
53555
54471
55560
55569
71603
74984
78816
78816
79535
84229
90970
91122
92124
92571
103729
104073
116149
121949
127038
131450
158441
161684
180184
188451
199010
202971
242340
242588
249395
254379
259982
267410
283479
284387
286092
296812
296888
318255
325143
325934
331710
334832
347235
347235
352014
353783
356838
362961
363602
363904
369149
376866
377344
385587
391868
401718
418889
420191
421887
428312
466499
467473
472887
475089
477880
511061
518746
523476
528536
528797
535722
536738
543471
550616
556964
584243
609091
612719
628137
635843
642545
644188
667297
676042
676565
679928
694798
773238
779469
786140
790678
794699
816592
820613
833686
842867
857069
873190
878302
879300
879338
912709
928454
944855
981189
998612
