2063
5712
29068
34776
48235
60005
72068
92964
93605
99984
103714
103729
108283
108600
109314
111014
115561
119606
130977
136851
179398
182075
193202
207925
223014
238766
242092
254761
257001
262649
267410
271623
275055
281552
315721
332273
334117
338430
350078
384452
396574
415548
425904
435327
439462
441672
451399
458116
459190
465201
466532
467912
483290
518746
528797
538861
570632
572637
577303
579443
581625
597959
612799
637965
642545
698663
700026
710176
738272
739355
739411
746966
756403
759765
788005
793477
794440
797061
819407
845911
850718
853772
874886
875575
878302
901475
912246
914738
944724
948852
960144
985418
990710
