5712
15299
25742
28546
29068
32659
34776
38953
45606
47684
48235
50380
52373
54340
60005
63032
72068
81535
81955
92964
93605
99903
99984
100347
103217
103714
104073
108283
108600
109314
111014
112162
115561
116149
119606
127038
130977
132051
133023
136851
138115
152452
158441
161684
161684
166223
173424
179398
180184
182075
193202
207925
209267
223014
224588
225171
226203
231835
238766
242092
245049
249395
254379
254761
257001
259982
262649
271623
273808
275055
281552
288208
296795
297808
303132
310301
315721
320333
332273
333163
334117
335676
338430
341965
345922
349579
350078
353119
358031
363602
365407
376866
384452
391868
394667
396574
400046
415548
421887
422007
425904
435327
436589
439462
441672
446219
446659
447028
451399
452245
456686
458116
458864
459190
465201
466532
467912
477880
483290
497763
508543
517841
518746
519062
520637
521582
526910
528797
532345
535746
538861
541588
547026
550154
550616
566316
567149
570632
572637
575602
577303
579443
581625
583846
584094
597414
597959
598207
612357
612719
612799
613601
619855
625218
628137
631266
632082
637965
642256
642620
651778
657046
667297
679648
679673
680661
686134
694798
698663
700026
704932
710176
713582
713986
719750
738272
739355
739411
740664
746966
756403
759765
760820
760821
761598
786140
788005
790678
793477
794440
797061
798788
801061
801061
819407
819809
833686
838071
845911
850718
853772
855930
858294
874886
875575
878302
879300
894259
899025
899207
901475
907770
912246
913071
914738
944724
947472
948852
955832
960144
983365
985418
990710
994858
