2063
5712
29068
34776
48235
60005
92964
93605
99984
103714
103729
108283
108600
109314
119606
136851
179398
193202
207925
223014
242092
254761
257001
262649
267410
271623
275055
281552
315721
332273
334117
338430
350078
384452
396574
415548
425904
435327
439462
441672
459190
465201
466532
467912
483290
518746
528797
538861
570632
572637
579443
581625
597959
642545
698663
700026
710176
739355
739411
746966
756403
788005
793477
794440
797061
819407
845911
853772
875575
878302
912246
914738
944724
960144
985418
990710
