2063
5712
16932
25373
29068
32659
34776
38953
45606
48235
60005
63032
72068
74078
92964
93605
99984
103714
103729
108283
108600
109314
111014
112162
115561
119606
130977
132051
133023
136851
142665
152452
166223
179398
182075
185799
187960
193202
207925
223014
224588
231835
238766
242092
246351
254761
257001
262649
267410
271623
275055
280072
281552
296795
310301
315721
332273
334117
335676
338430
350078
353119
373331
384452
394667
396574
400046
401155
415548
425766
425904
435327
436589
439462
441672
449847
451399
452245
456686
458116
459190
465201
466532
467912
479311
483290
497763
517841
518746
521582
526910
528797
535746
538861
541588
546233
547026
568800
570632
572637
577303
579443
581625
584094
597959
598207
612719
612799
613497
616364
625218
632082
634310
637965
640385
642545
642620
651778
662815
667738
672576
676837
679648
680661
698520
698663
700026
710176
713986
738272
739355
739411
740664
746966
756403
759765
760820
760821
788005
793477
794440
797061
799366
819407
845911
850718
853772
857323
874886
875575
878302
894259
899025
901475
907770
912246
914738
928454
941666
941794
944724
948852
960144
985418
990710
