2063
16932
25373
29068
32659
34776
48235
60005
74078
92964
93605
99984
103714
103729
108283
108600
119606
136851
179398
185799
193202
207925
223014
246351
254761
257001
262649
267410
275055
296795
315721
334117
350078
396574
400046
415548
425904
441672
452245
459190
465201
466532
483290
518746
521582
528797
535746
547026
570632
579443
581625
584094
598207
612719
613497
625218
634310
642545
642620
667738
672576
698663
700026
710176
713986
739355
739411
740664
746966
756403
760820
760821
793477
794440
797061
819407
875575
878302
899025
912246
914738
928454
960144
985418
990710
