2063
5712
16932
25373
29068
32659
34776
38953
48235
60005
63032
74078
92964
93605
99984
103714
103729
108283
108600
109314
112162
119606
136851
152452
166223
179398
185799
193202
207925
223014
242092
246351
254761
257001
262649
267410
271623
275055
281552
296795
310301
315721
332273
334117
338430
350078
373331
384452
394667
396574
400046
415548
425766
425904
435327
439462
441672
452245
456686
459190
465201
466532
467912
479311
483290
497763
518746
521582
528797
535746
538861
541588
546233
547026
568800
570632
572637
579443
581625
584094
597959
598207
612719
613497
625218
634310
640385
642545
642620
651778
662815
667738
672576
676837
679648
698663
700026
710176
713986
739355
739411
740664
746966
756403
760820
760821
788005
793477
794440
797061
799366
819407
845911
853772
857323
875575
878302
894259
899025
912246
914738
928454
944724
960144
985418
990710
