41
775
1304
1436
1636
2063
3396
3731
6176
6457
8594
15299
16932
17856
17857
17858
18419
19838
20035
22023
25742
25885
28546
29068
29278
30909
32445
32659
32774
32789
34776
36216
36440
37589
43179
46135
47684
48235
50380
52373
52995
53555
53963
54340
54471
55560
55569
60005
65522
66468
66524
68428
69032
69994
70451
71603
74078
74093
74984
78816
78816
79535
79940
80791
81535
84229
85556
88710
90145
90970
91122
92124
92201
92439
92571
92964
93605
97206
99903
99984
101127
103217
103228
103729
103772
104073
104271
105410
107580
108283
108600
108740
108915
109314
112810
113066
116149
117946
119606
121949
122916
126810
127038
127052
131284
131450
134210
134621
135724
136047
136666
136851
136887
138115
138958
142665
146078
147002
148095
148582
156784
156890
158438
158441
161684
161684
162486
167869
168236
173424
177789
179398
180184
180413
185799
187146
187960
188254
188451
191244
191314
192970
193202
197780
199010
202971
203435
203869
206514
207925
209267
209811
211624
213615
214407
218299
220482
223014
224351
224588
225171
227924
234213
234834
235314
237257
240011
242092
242340
242588
243369
245049
245143
246351
248161
249056
249395
251594
252192
254379
256842
257001
258072
259982
262649
267410
268535
269373
270348
271628
273808
275055
275627
275644
278282
279641
281435
281552
283479
283997
284121
284253
284387
285123
286092
288208
289618
289771
291410
291608
292135
292488
294671
296370
296593
296795
296812
296888
297808
299663
300598
303132
305213
306677
306779
307391
307753
308440
310956
315721
316280
317316
318249
318255
318685
319858
320333
323078
324299
324361
324362
325038
325143
325934
326333
327610
331710
332273
333163
333801
334055
334117
334832
335676
336324
339832
341965
345922
346083
347235
347235
348391
349579
350078
350552
351392
352014
353783
354679
355438
356838
358004
362511
362961
363602
363884
363904
364602
365407
367625
369149
371775
373435
376866
377344
379282
380678
384452
385587
391868
391981
396010
396574
400046
401155
401329
401540
401718
401788
402748
404196
405370
411619
414102
415548
416523
418889
420191
421887
421908
421956
422007
423050
425766
425904
427325
427389
427486
428312
428577
430746
432412
433471
434724
435327
436777
436806
439462
439600
440288
441672
441717
444622
447028
451399
452245
453460
456686
458116
458864
459190
460607
463498
465201
465813
466499
466532
467473
471115
471535
472887
475089
475526
477880
480207
480533
483290
485665
493660
494089
494504
502333
502334
502335
503927
506054
506448
508856
509146
511061
513976
514427
515560
516285
516869
516962
517683
517842
518746
519062
520377
521582
523476
526484
528536
528797
535722
536738
538861
541927
541961
543471
546233
547026
549460
550154
550616
551499
553251
553633
555191
556964
559738
565006
566316
567342
567631
569858
569862
570019
570632
572605
572637
575602
576017
576749
579443
581068
581420
581625
582202
583141
583846
584094
584243
585006
588925
590832
591123
594170
597224
597414
597630
598207
599312
600489
606211
608309
609091
609265
610933
612357
612719
612799
613497
613601
616364
617210
617434
619539
619797
619855
620716
625218
627147
628137
631266
634051
634310
635843
639430
639993
641247
642256
642545
642620
642930
644188
646355
652338
657014
657046
661167
662464
662815
663657
664275
667297
670474
672576
673385
675041
676042
676565
679648
679928
680661
680707
681900
686134
691556
691557
691770
694049
694798
696956
698663
700026
700362
704932
707559
708012
710176
710527
712949
713381
713582
713591
713986
716612
720424
728646
735330
735787
735831
739355
739411
740664
743319
746966
750242
750275
751043
751097
756403
756674
760820
760821
760919
761598
762795
766832
768180
773238
779469
779624
780361
781054
786140
788533
790165
790678
793477
794440
794699
797061
797769
798788
798807
799366
801061
801061
801336
806329
808361
811229
814224
816592
819407
819809
820613
821089
821129
825587
827763
829174
829579
833686
834575
835659
836570
838071
840110
841046
842138
842867
844611
846260
847508
852936
857069
857323
858294
864654
866992
867672
868119
870674
873190
874713
875575
878302
879300
879338
879455
879646
883548
886241
887391
889499
891942
893352
895748
898085
899025
899207
900016
900349
905237
907770
908516
908796
909995
910097
911657
912246
912709
913071
914738
918093
918221
922660
925278
925527
926255
927773
928038
928454
930070
934170
934643
935134
944724
944855
947384
948852
949685
952900
955271
955832
957376
959569
960144
969982
969992
972370
974813
976961
979060
980096
981189
981262
981816
983365
983791
985418
988201
988201
988541
990710
994586
994858
995808
996480
998612
999777
