41
692
775
1304
1436
1636
2063
3396
3461
3462
3529
3731
4604
5712
6176
6457
6503
8594
9534
11102
11126
12527
12894
13450
15000
15299
15492
15627
16460
16932
17151
17856
17857
17858
18419
19838
20035
22023
22752
25373
25742
25885
27009
27283
27458
27516
27780
28546
29068
29165
29278
30909
32445
32617
32659
32774
32789
34445
34776
36216
36440
36953
37589
38953
39131
39136
39770
43179
45147
46135
46760
47191
47684
48235
48673
50380
52373
52995
53555
54103
54132
54340
54471
55560
55569
55912
58575
58909
60005
63032
63157
64013
65522
66468
66524
67298
68402
68428
68900
69032
69255
69994
70451
71603
72747
73229
74078
74093
74114
74984
75274
77480
78078
78816
78816
79535
79904
79940
80116
80791
81535
81955
84229
84850
85556
85582
86997
87181
87628
88710
90145
90145
90970
91122
92124
92201
92439
92555
92571
92964
93296
93605
94820
95162
95443
96975
97206
99367
99903
99974
99984
100347
101127
102424
103217
103228
103309
103714
103729
103772
103919
104073
104209
104894
104945
105410
106649
106859
107580
108203
108283
108600
108740
108915
109314
110556
111840
112162
112540
112810
113066
114967
116149
117946
118180
118953
119606
119766
121949
122592
122916
123425
123544
124993
126810
127038
127052
127052
129457
130382
131284
131450
131972
131972
132910
133794
133954
134210
134621
135724
136047
136666
136736
136851
136887
137129
138115
138958
138958
139884
140682
145434
146078
147002
147806
148095
148582
148920
150646
150927
151504
152021
152419
152452
152602
154912
156784
156890
157186
158438
158441
160131
160577
160892
161684
162486
162692
165476
165996
166223
166223
168056
168130
168236
169008
169971
173424
175515
175541
175944
177789
178692
179398
180184
180413
180974
181086
181127
181431
181827
182650
185799
187146
187864
188254
188451
189098
190208
190209
191244
191314
193202
193582
194098
195025
197780
199010
200265
200660
202971
203435
203550
203846
203855
203869
204099
204449
204461
204496
204760
204916
206053
206514
207925
207934
208916
209688
209811
210356
210667
210976
211624
213461
213548
213615
214407
214664
214704
215740
217879
218299
219211
219529
220482
222622
223014
224140
224351
225171
226203
226542
227924
227931
228741
230034
230784
230820
231225
233038
233536
233536
234834
235314
237257
240011
242092
242340
242588
244700
245049
245143
245428
246351
248161
248625
248705
249056
249056
249395
249607
249876
250577
250898
251594
252192
252761
254379
254761
254969
254970
255247
256842
257001
258072
258693
259361
259947
259982
261675
261767
262649
263624
264874
265775
266043
267410
268535
268974
269042
269373
269752
270221
270348
270602
271623
271628
272446
273808
274481
275055
275627
275644
275903
276834
276899
277697
278282
279540
279641
279866
280025
280761
281435
281552
283479
283899
283997
284121
284387
285123
286092
288208
288592
289618
289771
289885
291410
291608
292135
292488
293620
294572
294671
296265
296370
296370
296593
296593
296795
296812
296888
297232
297808
298590
298959
299663
300165
300598
301762
302504
303132
303908
305153
305213
306617
306677
306779
307279
307753
308440
308867
308955
310301
310956
312212
312730
315721
316280
317316
317368
318249
318255
318455
318685
319858
320333
320746
321900
323078
323346
323505
324266
324299
324361
324362
325038
325143
325257
325934
326333
327406
327610
331170
331710
332081
332273
333163
333877
334055
334117
334261
334832
335417
335713
335755
336324
336719
338430
339832
340038
340154
340937
340938
341918
342810
344787
345922
346083
347235
347235
347504
348391
349539
349579
350078
350552
351007
351392
352014
352778
352778
353358
353783
354070
354679
354831
355438
356025
356838
357219
357852
358004
358031
359531
360090
360994
362511
362961
363602
363884
363904
363904
364220
364602
364607
365407
365974
366206
367030
367625
368967
369149
369201
371775
372339
373331
373435
374266
375514
376866
377055
377344
379282
379567
380678
382238
384055
384452
385587
388241
388281
388479
388792
391577
391601
391868
391981
392057
394667
395018
395965
396574
396742
397131
398643
400046
400435
400775
401329
401408
401540
401718
401788
402748
404196
404785
405370
410543
411017
411619
413103
414102
414282
415531
415548
416523
416885
416999
418095
418889
419217
419457
420151
420191
421674
421887
421908
421956
421958
422007
423050
425274
425766
425904
426528
426530
427289
427325
427389
427486
428261
428312
430746
432057
432412
433471
434724
435327
436002
436556
436777
436806
437499
438377
438676
439120
439462
439600
440206
440288
440659
441489
441672
441717
443679
443723
444000
444193
444622
445712
446219
446659
447028
448137
448756
449104
451449
452245
453460
454257
456456
456686
457192
458356
458399
458864
459190
459430
461373
461668
461753
462294
463498
465005
465201
465813
466499
466532
467473
467724
467912
470943
471115
471535
472367
472887
473305
473821
473985
475089
475526
477880
478629
478730
479250
479311
479367
480533
482675
483290
484266
485665
485909
486278
487390
488104
488669
488696
489230
489345
489952
492842
493234
493660
494062
494089
494504
495700
496891
496908
497308
497763
500380
500635
502333
502334
502335
502714
503620
503927
506054
506448
506600
507293
508543
508856
508861
509146
509342
510087
510610
511061
512768
512783
513976
514261
514427
514506
514672
514919
515508
515560
516285
516869
516962
517051
517683
517842
518215
518484
518485
518746
519062
520243
520253
520377
520637
521582
522515
522515
522564
522570
523476
524303
526484
526659
528536
528797
529178
531040
532561
533257
533652
535122
535722
535746
536738
537452
538418
538861
541588
541927
541961
543471
545402
546233
547026
547528
547849
547930
549317
549460
550154
550616
550785
551239
551499
552639
553251
553633
555191
556964
558223
558506
559738
559810
565006
565063
565128
565803
566190
566316
566329
566747
567019
567149
567342
567631
568800
569731
569858
569862
570019
570077
570632
570959
572637
573175
573235
574405
575602
576017
576749
578794
579443
581068
581625
583141
583240
583846
584094
584243
584961
585006
588925
591123
592109
592773
593090
594170
594868
596169
597224
597414
597630
597959
598002
598207
599312
600061
600128
600489
601065
601848
601928
602011
602522
605002
605059
605265
605338
606211
607291
608309
609091
609265
610199
610466
610641
610933
611128
612357
612719
612882
613136
613497
613601
615042
616418
617117
617210
617434
618352
619281
619797
619855
620564
620716
623908
625218
627147
628137
628647
629979
631266
634051
634310
634370
634618
635225
635843
638574
639430
639993
640385
640696
641809
642545
642620
642930
644188
644345
646355
647004
647086
649078
650106
650992
651287
651778
652204
652338
653964
656837
657046
657786
659103
660319
660646
661167
662464
662815
663657
664275
665905
667297
667738
670245
670474
672576
672671
672794
673385
673830
675041
675446
676042
676565
676837
676916
677289
678697
679648
679928
681406
681900
683497
683842
685566
685626
686134
687549
687845
688862
691556
691557
691770
692020
692655
694049
694798
696956
698663
700026
700362
700578
704907
704932
706248
706760
707559
708012
708223
709006
710176
710527
712274
712949
713334
713381
713582
713591
713986
714789
715087
716612
716730
720424
721031
722721
723504
724532
725484
726330
728646
728731
729590
733352
734562
735330
735787
735831
736782
737828
738246
739355
739411
739522
740664
740693
741395
741411
741626
743176
743238
743319
743356
744379
744897
745317
745439
745504
746966
747911
750242
750587
751043
751097
751109
753633
755083
756403
756674
759647
760354
760820
760821
761598
762422
762795
764418
765006
765492
766730
766832
768180
768483
769873
773017
773238
775289
777956
779469
779624
780361
781054
781096
782745
783214
786112
786112
786140
787035
787043
787837
788005
788533
790165
790377
790678
793477
794440
794699
797061
797769
797778
798447
798788
798807
799366
799957
800307
801061
801061
801336
806033
806314
806329
808354
808361
808894
809641
811229
812934
813196
813788
814224
814669
816562
816592
818076
819407
819625
819809
820613
821089
821129
822006
822557
824057
824242
825587
825924
827459
827763
828281
829174
829579
830304
832039
833474
833686
834575
835659
836570
837330
838071
838863
839179
840110
841046
841709
842138
842171
842867
843301
843673
845911
846260
847064
847508
847508
849328
849350
851304
852936
853446
853772
854584
855020
855570
855695
855736
855930
856381
857069
857323
858294
859646
859810
863798
864654
866992
867672
868119
873190
873432
873875
873954
874459
874713
875575
876978
877360
878302
878559
879300
879338
879455
879646
879758
882782
883231
883535
883548
886105
886241
887391
887659
888053
888652
889499
889584
890577
891942
892307
892831
893352
894200
894259
895748
898085
898536
899025
899207
900016
900349
900703
901341
901660
903112
904215
904603
904668
904998
905237
907774
907884
908516
908796
909995
911266
911390
911657
912246
912396
912501
912709
913071
914738
915350
918093
918972
919933
919934
919935
920290
922285
922660
925278
925527
926421
926686
927773
928038
928454
928649
928665
929125
932934
933291
933822
933957
934170
934643
935134
937423
938855
941098
941099
941167
941572
944724
944855
945317
946058
946406
947384
949685
952695
952900
953512
954632
955271
955832
957376
959072
959569
960144
960869
960908
962563
966691
969982
969992
972370
972662
974470
974622
974813
975177
976531
976636
976961
977099
979023
979060
979128
980096
981189
981262
981816
981976
983365
983791
985389
985418
985566
987888
988201
988201
988541
988642
989374
990710
993142
993336
993337
994121
994586
994786
994858
995134
995808
996480
997227
998268
998612
999680
999777
