438
995
1889
2491
2630
3520
3780
3962
4735
5770
5918
6087
6319
6479
6599
6749
7202
7249
7454
8084
8094
8660
8822
10300
10699
12668
13567
13909
14194
15191
15638
16313
16354
17044
17474
17893
18212
18943
19910
20227
21121
22063
22137
22528
22627
23043
23418
25599
25613
26738
27243
27323
27911
28050
28705
30354
30781
31005
31780
32822
32918
33083
33852
34209
34417
35138
36049
36819
37181
37505
37571
37923
37945
37968
38799
39392
40616
40796
41729
42124
43402
43559
43821
44462
44970
45185
46508
46910
47631
48127
48600
49915
50464
51234
51262
51783
51941
52250
52297
52556
52559
53474
53703
54212
54588
57025
58316
59489
59570
59658
59916
59916
63218
64736
64954
65390
66408
68476
69542
69726
70226
70546
70869
70940
70940
71487
71489
72589
72735
73157
74057
75105
75524
75894
75949
75960
76197
77020
77226
77552
78515
78866
79225
80313
81756
81758
82561
83166
83201
83282
83320
83651
84507
84950
85010
85400
86259
87219
87957
89060
89474
89975
91083
91684
91853
92066
93104
93943
94489
95171
95344
95492
96430
97100
98467
98525
98653
100142
100444
102222
102443
102491
103006
103498
103570
103988
104532
104995
105462
105551
105820
105872
106106
106761
106796
106969
107098
107687
108126
108340
108417
109454
110315
111131
111132
111133
111432
111573
111856
112954
113801
114112
115547
116589
116604
118013
118061
118605
120061
120125
120694
121615
121778
122315
122337
122895
123368
125058
126345
126431
126993
128802
129350
129924
130527
130617
130632
130751
130828
131629
131725
132645
132836
133793
134005
134504
134716
135173
136603
138006
140847
141105
141795
141990
142839
143046
143165
143726
143800
144007
144819
145310
147187
148024
148159
148825
148925
149585
149700
150167
150706
151279
151615
151816
153004
155837
155837
156187
157261
157853
158256
158508
159344
159506
159794
160408
161885
161916
162898
162989
163172
163282
163391
163693
163721
163749
164492
166386
167320
169937
170389
170651
170837
171538
171812
171953
172045
172297
173075
173147
173860
175643
175697
177211
177857
178364
179051
180013
180305
182067
182669
187841
188724
188725
188726
188936
188936
189570
189960
190910
191181
191867
192480
193240
194899
195589
195696
196204
196254
196883
198063
200050
200400
201489
204777
205130
205798
207042
208358
208716
208991
210579
211497
211648
213646
215323
215595
215717
216036
216490
216490
216514
217013
217935
218013
218071
218810
218893
219106
219496
220429
220567
221105
221368
221707
222015
222261
222657
223612
223641
223990
224053
224152
224351
224510
226039
227615
227823
229845
231656
231812
232413
233035
233844
234121
235011
235547
237798
237975
238352
238353
239784
240445
240876
240910
241576
241974
243039
243158
244518
244590
244766
244801
245097
245318
245595
246194
246791
247186
247453
248447
248660
248993
249247
249325
249955
250094
250684
250804
251844
252002
252376
253325
254262
254516
254550
254681
254807
255050
255301
255324
256760
257711
257995
258917
258956
259630
261024
262100
262629
262947
263543
263918
264347
264367
264792
265029
265113
267889
267966
268085
269882
270535
272099
272673
273364
273439
273845
273889
274546
275095
275412
275435
275442
275731
276410
276515
276859
277385
277506
278058
278340
278350
279410
279835
279854
280209
280227
280243
280315
280485
280903
281003
281663
282959
283210
283600
284427
285035
285394
285446
286157
286961
287294
288201
289668
290504
291540
292708
293431
294433
295724
295724
295753
296439
297512
297513
298181
299088
300645
301114
303038
305449
306347
308026
308618
308845
310169
310479
311446
312736
313492
316171
316413
316701
318395
318997
319547
320766
321051
322187
322772
322954
323258
324162
325124
325797
325842
326563
326874
329639
329835
331296
332808
333685
333790
333791
333815
334064
334336
335638
335799
335865
336394
336589
336917
338067
338113
338182
338229
340210
340444
341273
341367
341411
343049
343433
343610
343763
343997
344339
344339
346965
347508
347509
347510
347781
347898
348471
349123
350253
350498
350895
351470
351534
351654
352094
352174
354141
354157
355037
355446
355718
356313
356504
356600
356606
356697
357998
358511
358590
358764
359388
359621
360605
361362
361527
362190
363122
364081
365022
365618
365893
365970
366352
366616
366999
367253
367530
367797
369071
372524
373731
374826
375173
375753
376881
378624
378635
378970
379163
381562
382671
383047
383835
384044
384645
384756
384838
385467
387558
388045
388150
388833
390470
390558
390742
392254
392275
392519
393013
393693
394585
394945
395072
395623
396824
397399
398716
399045
399088
399443
399536
399971
400557
400829
401387
401643
402439
403008
404056
404866
404992
405116
405141
405678
405820
406472
408233
408627
408640
409098
409116
409116
409921
410140
411308
412632
413385
413408
413680
414714
415559
416412
417291
417521
418163
419324
419695
419917
420810
421435
421557
422052
422412
423940
424394
424403
424862
425219
425943
425995
426086
426588
427213
428372
429723
430058
430157
430248
431534
432603
433920
434866
435014
436039
436206
436258
437520
438943
440084
440868
441047
441072
441766
441930
443296
443835
444732
444803
444854
444946
445493
446048
447650
448634
448909
449327
449357
450582
452125
453100
454718
454866
454963
456062
457367
457385
457763
458942
460028
460807
462764
464492
464759
465566
465926
466847
467547
468102
469143
469260
469312
469999
470476
470484
470586
470702
471044
471962
472367
472520
472561
472677
474298
475222
475918
476268
476275
477056
480277
480393
480499
481149
481884
482343
483780
483880
484876
485172
485274
486090
486098
486729
486937
488089
488138
488717
489732
489799
491152
491435
491760
492239
492251
492385
493558
493669
494227
494605
494606
494665
496935
497546
497640
498396
498684
499021
499309
499336
499862
500272
500324
501583
502113
502968
503238
503257
503406
503823
504430
505084
505287
506567
506639
506718
507323
507444
509570
509978
510426
510731
511213
511705
512095
512409
512872
513417
513438
513827
514245
514257
514934
514975
516125
516380
516757
516783
518009
518319
519135
519158
519318
519425
520254
521757
522155
522167
522640
523243
523734
523796
523950
525199
525224
526107
526397
527298
527931
528508
528605
529400
529968
530035
532357
534849
536205
536505
536976
539000
541975
542748
542851
543584
544182
546651
546679
546755
547238
547468
547953
548886
549057
549363
549764
549872
549945
550243
550911
550912
551236
551435
551846
552582
553710
554321
555703
557055
558215
558528
559108
559670
560200
560921
561246
561848
562487
563931
564220
564459
564763
565089
565974
566516
567200
567632
568607
569409
569422
569936
570199
570515
571337
571431
572274
572275
572276
572902
574623
574941
575014
575104
575290
576476
578660
580836
581131
581783
582221
582638
582826
583421
584097
584284
585158
585548
585585
586037
586386
587221
588150
588234
588358
588430
588718
588864
590061
590969
591562
592685
594752
594870
595163
595672
596006
596380
596512
597023
597321
597995
598152
599102
599613
600230
600375
601180
601712
601840
602260
603076
603138
603232
604113
605163
605917
606043
608273
608431
609393
609393
610280
610595
611454
611654
611696
612848
613249
613472
617113
617209
618137
619846
620436
622664
623170
623331
623696
624039
624503
625258
625569
626126
626258
626378
627243
627701
628957
629204
630175
630184
631143
631478
631498
632710
634586
634587
634837
635836
636173
636338
636338
637858
638778
640880
641165
641390
641721
641781
642412
642698
643020
643295
643296
643336
644112
644707
645691
645713
645713
645973
646166
647485
649057
650141
650307
650353
650487
650630
650759
651158
651205
651680
652062
652174
652417
653420
653496
654558
654738
655718
656010
656124
656955
657055
657128
657330
658555
659583
661089
661102
661999
662123
662984
663092
663195
664027
664191
664244
665057
667132
667393
668929
668992
669348
670702
672018
672438
673821
674270
674748
674771
675021
675195
676209
676210
676667
677203
677268
678115
678145
678185
678502
678909
678939
678964
679407
680395
680539
681672
683049
684227
684284
686055
686494
686643
686834
687585
687664
687941
689029
690191
690349
690429
691992
692167
693626
693742
693809
695682
695687
695870
695996
696127
696149
696150
696577
696820
696957
697263
698789
699304
699427
699578
700441
700963
701423
701961
702735
705181
706356
706414
707331
707730
707936
709104
709189
709653
709893
710857
711627
712527
713528
715490
716007
716225
716399
716981
717266
717847
718773
718992
720059
720485
721302
722914
722962
723006
723190
723901
725452
725921
726487
726722
727260
727996
727998
729339
730038
730040
730988
731370
732542
732671
732873
733627
733805
736038
736604
737393
740168
740695
740706
741683
742456
742939
743613
744293
744961
747790
748059
749060
749210
749381
750074
750500
750692
751175
751658
752390
752689
752979
754707
755695
755833
756214
756652
756882
756951
757473
758363
759579
760549
761041
761259
761470
761988
762265
763027
763119
763657
764660
764871
766995
768889
768967
769770
770591
774340
774752
778347
778355
779212
779543
780628
780778
781585
781992
782127
784616
785187
786656
786678
787017
787017
787277
787451
789348
790421
791009
791083
791237
792550
792613
792770
793464
794430
794927
795195
796406
796597
796693
797837
798574
799145
799153
799973
800119
800432
800804
801031
801177
801187
801670
801765
802223
802921
803151
804519
805261
805262
805699
806985
807143
807149
807716
807808
807994
808409
808890
809546
809792
809934
810892
811373
811452
811896
811940
812339
812444
812564
813137
813820
814763
815233
815257
816820
818787
819437
820085
820885
821215
821219
821902
822221
823066
824201
824675
824884
824893
825291
825518
825645
825820
827028
827099
827405
827423
827885
828040
828125
828150
828460
828858
829608
831783
832046
832136
832245
832315
833603
834968
835462
836114
836385
836542
836977
838510
838602
838927
839372
839636
840054
840392
842117
842118
842512
845305
845567
845923
846208
847470
848447
848844
849241
849378
849963
850631
852069
852080
853158
853499
853890
853940
854457
854669
854950
856342
856648
856962
857002
857322
857580
858137
858206
859191
859610
859701
860563
860620
861795
862219
862703
864959
867690
868401
870177
870606
870987
872380
873047
873109
874361
874988
875929
876082
878134
878328
878343
878695
878801
879304
880550
880709
882298
882373
882782
884552
884734
885535
885593
886617
889172
889752
890475
891506
892056
892318
892340
892678
895572
895687
895695
896375
896585
896723
898097
898171
898352
898383
898414
898755
898755
899094
899336
899524
900595
901356
902301
902866
902892
903511
905523
905524
905951
907115
907162
907417
907417
907645
908528
908639
908667
909380
910342
910722
910948
911503
911704
912388
913212
914079
914410
914624
914681
918102
918480
919200
919269
919407
919774
920860
921547
922309
923229
923525
923694
923860
924536
924571
924840
926026
926503
926987
927307
928831
929064
929160
929577
930804
930934
931284
931564
932084
932485
932621
933826
934045
934959
935241
935322
935810
936326
936515
937525
937730
938879
939187
939997
940319
940484
940878
941815
942193
942441
943528
943531
943728
943771
943869
945620
946007
946477
946733
947096
947121
947867
948001
950862
951222
953153
953797
955016
956230
956866
957703
959206
961188
961853
962742
962931
964384
964712
964889
965057
966316
966697
968042
968436
969044
969440
969546
972738
972876
973852
974878
975534
975551
975593
976811
977681
977827
980117
980118
980123
980124
980720
981782
983289
983327
984281
984691
984783
984788
985576
986096
986394
986886
987238
987840
988837
989188
989201
989649
989737
989800
990502
990676
990792
991024
991440
991466
991534
992783
993342
993845
994864
995615
996554
997280
997689
997791
999499
