2491
6479
8094
15191
23418
34209
44462
44970
50464
59489
59570
72735
75105
76197
80313
83651
84950
93104
94489
95171
95344
96430
97100
102222
103498
105551
106106
107687
108417
114112
134005
141105
144819
145310
161916
164492
166386
170837
175643
179051
187841
188936
189570
190910
200050
205130
205798
208716
217935
218013
219496
221368
223641
227823
244518
244590
245097
246194
252376
254516
262629
265029
279410
280315
280903
285446
290504
295753
298181
321051
322772
325124
332808
336589
338229
341367
349123
352174
355037
356600
358590
365022
366999
367530
379163
390742
393693
395623
399045
405678
409098
409921
413385
419324
421557
430248
433920
434866
436258
437520
441072
441766
441930
449357
450582
466847
468102
469143
470586
494227
494605
499336
504430
511213
512872
513438
518009
528605
536205
542748
546651
551435
558215
564763
572902
588234
588430
588864
594752
599102
603138
610280
613249
623696
627701
631143
636338
637858
642698
645713
646166
650307
659583
664244
670702
675021
678502
684227
686055
686494
687664
687941
690191
697263
707936
716225
720485
730040
752390
752689
754707
759579
761470
774340
778355
786656
790421
796597
800432
801031
801187
807716
814763
818787
822221
824884
831783
832315
836114
836977
847470
849378
853940
854457
856648
857002
862219
862703
870606
870987
873047
876082
880550
882298
884552
886617
898097
898414
907417
907645
911503
919200
923525
931284
932084
932621
943528
948001
956866
961853
972738
977681
981782
984788
987840
991024
992783
