2491
7249
8094
10300
10699
15638
17474
19910
23418
25613
28050
32822
33083
34209
37181
37923
44462
46910
49915
50464
51234
51262
51783
53474
59489
65390
66408
70940
70940
71487
71489
72735
74057
75105
77020
80313
81756
81758
83651
84507
84950
92066
93104
94489
95171
95344
96430
97100
102443
105462
105551
106106
107098
107687
108417
111432
126345
128802
129924
134005
134716
141105
141990
142839
143800
144819
145310
148159
151615
160408
161916
163721
164492
167320
169937
170837
171812
175643
175697
179051
182067
188936
189570
190910
196883
200050
205130
205798
208716
210579
217935
218013
219496
221368
223612
223641
223990
233844
235547
238353
243158
244518
244590
245097
245595
246194
249247
249955
250094
250804
252376
254516
254807
255050
255324
265029
265113
269882
275412
276410
277385
278340
279410
279854
280315
280903
286157
286961
290504
293431
295724
295753
297513
298181
305449
308845
311446
316413
321051
322772
323258
325124
325842
332808
333790
336589
338067
338229
341273
341367
341411
343433
343763
344339
349123
352174
355037
355718
356600
356697
358590
358764
359388
361362
363122
365618
366999
367530
375753
379163
384756
388045
388833
390470
390742
394945
395623
396824
399045
399088
399971
402439
406472
408233
409098
409116
411308
413385
413408
414714
417521
419324
421557
422052
424394
424403
427213
430157
430248
433920
434866
436206
437520
441072
441766
441930
443296
444732
445493
450582
457367
460028
460807
466847
467547
468102
469143
469260
470586
477056
480277
483780
491435
492251
493558
494227
494605
498684
499336
499862
503238
503406
504430
506718
511213
511705
513438
516757
516783
518009
526397
528605
529400
530035
532357
534849
536205
542748
546679
550243
551435
555703
558215
558528
560921
561246
561848
562487
564763
565974
566516
571431
572902
578660
581131
581783
582638
582826
585548
586386
587221
588234
588430
588864
590061
594752
596380
596512
599102
600375
603138
605163
609393
610280
613249
617113
617209
618137
623696
626378
629204
631143
634837
636173
636338
637858
641165
641721
641781
642698
645713
645713
646166
650141
650307
650353
650759
651205
653420
656010
656955
657055
659583
664244
669348
670702
672438
675021
678185
678502
681672
683049
684227
686055
686494
686643
687664
687941
689029
690191
695687
695996
696149
697263
699427
701423
702735
707936
709104
715490
716007
716225
717266
717847
720485
730038
730040
733627
743613
749381
752390
752689
752979
754707
756652
759579
760549
761988
762265
774340
779212
781585
786656
787017
787017
790421
791083
792550
795195
796597
799145
800432
800804
801031
801187
801765
802921
807143
807716
809792
814763
818787
822221
824201
824884
825518
825645
827423
831783
832136
832315
833603
836114
836977
838510
842512
847470
849378
852080
853158
853890
853940
854457
854950
856648
857002
859610
860620
861795
862703
870177
870606
870987
873047
873109
876082
880550
880709
882298
884552
886617
890475
898171
898352
902301
902866
902892
905523
905524
907417
907645
911503
918480
919200
919407
919774
921547
923525
924536
924840
926026
930804
931284
932084
932621
934959
940484
940878
943528
943728
947096
947121
948001
951222
956866
961853
962931
964384
964889
968436
969044
972738
975551
975593
977681
981782
983327
984281
984788
986394
987840
988837
990676
990792
991024
