7249
17474
37181
51783
64736
70940
70940
80313
81758
89060
93104
102443
106106
107098
109454
118605
141105
142839
170389
175697
191181
205798
208358
215717
218013
223641
224351
243158
250804
280903
286961
325124
329835
338067
341273
358764
367530
384756
388833
390742
422052
425995
460028
504430
506718
514934
529400
542748
546679
549057
550243
551236
555703
561848
564459
564763
575104
578660
588430
599613
605163
618137
641721
650141
650307
678185
678909
683049
686055
686494
690349
716007
720485
730038
736038
742456
750500
757473
762265
802921
824201
833603
849378
853890
859610
885535
890475
896723
924840
942441
943728
947121
948001
953797
962742
964384
