995
2491
2630
3520
3780
3962
5918
6319
6479
6749
8094
8822
10300
10699
12668
13567
15191
15638
16313
17474
17893
18943
19910
20227
22063
22627
23418
27911
28050
30354
30781
31005
32822
32918
33083
34209
34417
35138
36819
37181
37923
37968
38799
39392
40616
42124
43402
44462
44970
45185
46508
46910
48600
49915
50464
51234
51262
52297
52556
53474
53703
54212
54588
57025
59489
59570
59916
59916
63218
64954
65390
66408
69542
69726
70226
70546
70869
70940
70940
71487
71489
72589
72735
73157
74057
75105
75894
75960
76197
78515
79225
80313
81756
81758
83166
83201
83320
83651
84507
84950
86259
89060
93104
94489
95171
95344
96430
97100
98653
100142
100444
102222
102443
102491
103006
103498
103988
105462
105551
105872
106106
106761
106969
107098
107687
108417
109454
110315
111131
111132
111133
111432
112954
113801
114112
115547
116589
118061
120125
120694
123368
126431
128802
129350
130617
130632
130751
130828
131629
131725
132645
132836
133793
134005
134716
135173
141105
141795
141990
143165
143800
144007
144819
145310
147187
148024
148159
148825
150706
151615
151816
155837
155837
157261
157853
158256
159344
159506
160408
161885
161916
162989
163172
163693
163721
163749
164492
166386
167320
169937
170837
171812
172045
173075
173860
175643
175697
177211
179051
180013
180305
182067
182669
187841
188724
188725
188726
188936
188936
189570
190910
191867
192480
193240
194899
195589
196204
196254
196883
198063
200050
201489
204777
205130
205798
208358
208716
208991
210579
211648
215595
215717
216036
216514
217935
218013
218893
219106
219496
220429
221105
221368
221707
223612
223641
223990
224053
224351
224510
227615
227823
233035
233844
234121
235011
235547
238352
238353
240445
240876
240910
241576
243158
244518
244590
245097
245595
246194
246791
248447
248660
248993
249247
249325
249955
250094
250804
251844
252376
254516
254550
254681
255050
255301
255324
256760
257711
258917
258956
262100
262629
262947
263543
264347
264367
265029
265113
267966
268085
269882
272099
274546
275412
275435
276410
277385
277506
278340
278350
279410
280227
280315
280485
280903
281003
283210
285035
285394
285446
286157
286961
287294
288201
289668
290504
292708
295724
295724
295753
296439
297512
297513
298181
300645
301114
305449
306347
308026
308618
308845
311446
316171
316413
316701
321051
322187
322772
322954
323258
325124
325842
329639
332808
333685
333790
333791
334064
334336
335799
336394
336589
338067
338113
338229
340444
341273
341367
341411
343049
343433
343763
343997
347508
347509
347510
347781
348471
349123
350895
351534
351654
352094
352174
354141
354157
355037
355446
355718
356313
356504
356600
356697
358590
358764
359388
363122
365022
365618
366352
366616
366999
367253
367530
367797
375753
376881
378635
379163
382671
383047
384044
384756
385467
387558
388045
388150
390470
390742
392254
392275
393693
394585
394945
395072
395623
398716
399045
399088
399536
399971
400829
401387
402439
404056
404992
405141
405678
405820
406472
408233
409098
409116
409116
409921
411308
413385
413408
414714
417521
419324
419695
420810
421435
421557
422052
422412
423940
424403
424862
426588
427213
428372
430058
430157
430248
432603
433920
434866
436206
436258
437520
440084
441047
441072
441766
441930
443296
444854
445493
448634
448909
449357
450582
452125
453100
454718
454866
454963
456062
457367
457385
457763
458942
460028
460807
464492
464759
465566
465926
466847
467547
468102
469143
469260
469312
469999
470476
470484
470586
470702
471962
472367
476268
477056
480277
480393
480499
481884
483780
486098
486729
486937
488089
488138
492239
492251
492385
493558
494227
494605
494665
498396
498684
499309
499336
499862
500272
501583
502113
502968
503238
503823
504430
505287
506639
506718
507323
507444
509570
511213
511705
512095
512872
513438
513827
514245
514934
516125
516757
516783
518009
518319
520254
522167
523243
523734
523796
525199
525224
526107
526397
528605
529400
529968
530035
532357
536205
536505
542748
542851
546651
546679
547953
549363
549872
550243
550911
550912
551435
552582
554321
555703
557055
558215
558528
559108
559670
560200
560921
561246
561848
562487
563931
564459
564763
565089
565974
566516
567200
567632
569409
569936
570199
570515
571337
571431
572902
574623
574941
576476
580836
581131
581783
582638
582826
585548
585585
586037
586386
587221
588150
588234
588358
588430
588718
588864
590061
591562
592685
594752
595672
596006
596380
596512
599102
600230
600375
601180
601712
603076
603138
605163
606043
608273
609393
609393
610280
611654
613249
613472
617113
617209
618137
619846
623170
623331
623696
624503
625258
626126
626258
626378
627701
628957
629204
630184
631143
634837
636173
636338
636338
637858
641165
641390
641721
641781
642412
642698
643020
643336
644112
645713
645713
646166
649057
650141
650307
650353
650487
650630
650759
651205
652174
653420
654738
655718
656010
657055
657128
659583
662123
662984
663195
664027
664191
664244
665057
667132
667393
668992
670702
672018
672438
674771
675021
675195
676209
676210
676667
677268
678115
678145
678185
678502
678939
678964
679407
680395
680539
681672
683049
684227
684284
686055
686494
686834
687585
687664
687941
689029
690191
690429
692167
693809
695687
695870
695996
696149
697263
698789
699304
699427
700441
700963
701423
701961
702735
706356
707331
707730
707936
709104
709189
709653
709893
710857
713528
715490
716007
716225
716399
716981
717266
717847
720059
720485
721302
722962
723006
723190
723901
725452
725921
726722
727998
730038
730040
730988
731370
732542
732671
733627
736604
737393
740168
740706
741683
742456
743613
744293
744961
747790
748059
749060
749210
749381
750074
750692
752390
752689
752979
754707
755695
755833
756652
756882
759579
760549
761041
761259
761470
761988
762265
764660
764871
768967
770591
774340
774752
778355
779212
779543
781585
782127
785187
786656
787017
787017
787451
790421
791009
791083
792550
792613
792770
795195
796597
797837
799145
799973
800432
800804
801031
801187
801670
801765
802921
803151
805261
805262
805699
806985
807143
807149
807716
807994
808409
809792
809934
811373
811452
812339
813137
814763
818787
819437
820885
821215
821219
822221
824201
824884
824893
825291
825518
825645
827099
827423
827885
828858
831783
832136
832245
832315
833603
834968
836114
836542
836977
838510
838602
839372
839636
840054
840392
842117
842118
842512
845305
846208
847470
849241
849378
852069
852080
853158
853499
853890
853940
854457
854669
854950
856648
857002
858137
858206
859191
859610
860620
861795
862219
862703
867690
870606
870987
872380
873047
873109
874361
876082
878134
878801
879304
880550
880709
882298
884552
885535
885593
886617
890475
891506
895572
895695
896585
898097
898352
898414
898755
898755
899336
899524
900595
902301
902866
902892
905523
905524
907162
907417
907417
907645
908528
908639
909380
911503
914410
914624
914681
918102
918480
919200
919269
919407
919774
921547
923229
923525
924536
924571
924840
926026
927307
928831
929064
929160
930804
930934
931284
932084
932485
932621
934045
934959
936326
937730
940484
940878
941815
942193
943528
943771
945620
947096
947121
947867
948001
950862
951222
953153
953797
955016
956866
961853
962742
962931
964889
965057
966316
969044
969546
972738
972876
973852
974878
975534
975551
975593
977681
980117
980118
980123
980124
980720
981782
983289
984281
984783
984788
986394
986886
987238
987840
988837
989201
990502
990792
991024
991534
992783
993845
995615
996554
997280
997791
