2491
37181
50464
51234
59916
70940
80313
81758
84950
89060
93104
96430
100444
106106
107098
141105
148159
170837
175697
194899
205798
215717
218013
223641
243158
245097
250804
252376
265029
277385
280903
286961
325124
338067
338229
341273
341367
349123
352174
358764
367530
384756
390742
399045
408233
414714
419324
427213
437520
457367
470586
504430
506718
523796
542748
546679
555703
558528
561848
564763
580836
588430
588864
605163
610280
618137
641721
642698
650307
656010
672018
675021
683049
686055
686494
687941
716007
720485
730038
752390
762265
786656
802921
849378
853890
859610
862703
870987
873047
890475
907645
924840
948001
977681
