2491
8094
10300
10699
19910
23418
34209
37181
37923
44462
46910
49915
50464
51234
51262
53474
59489
65390
66408
70940
71487
71489
72735
74057
75105
80313
81758
83651
84507
84950
93104
94489
95171
95344
96430
97100
105462
105551
106106
107098
107687
108417
128802
134005
134716
141105
141990
143800
144819
145310
148159
151615
160408
161916
163721
164492
169937
170837
175643
175697
179051
182067
188936
189570
190910
200050
205130
205798
208716
210579
217935
218013
219496
221368
223641
233844
238353
243158
244518
244590
245097
246194
249247
250804
252376
254516
265029
265113
269882
275412
277385
279410
280315
280903
286157
286961
290504
295724
295753
297513
298181
305449
308845
311446
316413
321051
322772
325124
325842
332808
336589
338067
338229
341273
341367
341411
343433
343763
349123
352174
355037
356600
356697
358590
358764
359388
363122
366999
367530
379163
384756
388045
390470
390742
394945
395623
399045
399088
402439
408233
409098
409116
411308
413385
413408
414714
417521
419324
421557
424403
427213
430157
430248
433920
434866
436206
437520
441072
441766
441930
443296
450582
457367
460807
466847
467547
468102
469143
469260
470586
477056
493558
494227
494605
498684
499336
499862
503238
504430
506718
511213
511705
513438
518009
528605
530035
532357
536205
542748
546679
551435
555703
558215
558528
561246
561848
562487
564763
565974
566516
572902
581131
581783
582638
582826
585548
586386
587221
588234
588430
588864
590061
594752
596380
599102
600375
603138
605163
610280
613249
617113
617209
618137
623696
626378
629204
631143
636173
636338
637858
641165
641721
641781
642698
645713
645713
646166
650307
650353
650759
651205
656010
657055
659583
664244
670702
675021
678502
681672
683049
684227
686055
686494
687664
687941
689029
690191
695687
696149
697263
699427
701423
707936
709104
715490
716007
716225
717266
720485
730038
730040
743613
749381
752390
752689
752979
754707
759579
761988
762265
774340
781585
786656
787017
790421
791083
792550
795195
796597
800432
801031
801187
801765
802921
807143
807716
809792
814763
818787
822221
824884
825518
831783
832315
836114
836977
838510
847470
849378
852080
853158
853890
853940
854457
856648
857002
859610
860620
862703
870606
870987
873047
873109
876082
880550
882298
884552
886617
890475
898352
902301
902866
905523
905524
907417
907645
911503
919200
919407
919774
923525
924840
926026
930804
931284
932084
932621
943528
947096
948001
956866
961853
964889
969044
972738
977681
981782
984281
984788
987840
991024
