995
2491
3520
6479
8094
10300
10699
15191
19910
20227
22063
23418
34209
35138
37181
37923
39392
44462
44970
45185
46508
46910
49915
50464
51234
51262
52297
53474
54212
59489
59570
59916
63218
64954
65390
66408
70546
70940
71487
71489
72589
72735
73157
74057
75105
76197
79225
80313
81758
83166
83320
83651
84507
84950
89060
93104
94489
95171
95344
96430
97100
100444
102222
102491
103498
103988
105462
105551
106106
106761
107098
107687
108417
113801
114112
120125
120694
128802
130617
131629
132645
132836
134005
134716
141105
141990
143800
144819
145310
148159
151615
155837
155837
158256
159344
159506
160408
161916
162989
163172
163693
163721
164492
166386
169937
170837
172045
173860
175643
175697
179051
182067
187841
188936
188936
189570
190910
194899
196204
200050
204777
205130
205798
208716
210579
215595
215717
217935
218013
219106
219496
220429
221368
221707
223641
227823
233844
235011
238353
240445
243158
244518
244590
245097
246194
248447
248993
249247
250804
251844
252376
254516
257711
258956
262629
265029
265113
269882
275412
277385
279410
280315
280485
280903
285446
286157
286961
288201
290504
295724
295753
297513
298181
305449
308026
308618
308845
311446
316171
316413
316701
321051
322772
325124
325842
332808
334064
335799
336589
338067
338229
340444
341273
341367
341411
343433
343763
348471
349123
351654
352174
354141
355037
356600
356697
358590
358764
359388
363122
365022
366352
366999
367530
367797
378635
379163
383047
384756
387558
388045
390470
390742
392275
393693
394945
395072
395623
399045
399088
402439
404992
405141
405678
405820
408233
409098
409116
409921
411308
413385
413408
414714
417521
419324
420810
421557
422412
424403
427213
428372
430157
430248
433920
434866
436206
436258
437520
441072
441766
441930
443296
449357
450582
454963
457367
457385
460807
465926
466847
467547
468102
469143
469260
470476
470484
470586
477056
486729
493558
494227
494605
494665
498396
498684
499336
499862
503238
503823
504430
506639
506718
511213
511705
512872
513438
518009
523734
523796
525224
526107
528605
530035
532357
536205
542748
542851
546651
546679
547953
551435
555703
557055
558215
558528
561246
561848
562487
563931
564763
565974
566516
570199
572902
580836
581131
581783
582638
582826
585548
586386
587221
588234
588430
588864
590061
591562
594752
596380
599102
600375
601180
603076
603138
605163
610280
613249
613472
617113
617209
618137
619846
623170
623696
626258
626378
627701
628957
629204
631143
636173
636338
637858
641165
641721
641781
642698
643020
645713
645713
646166
650307
650353
650487
650759
651205
654738
655718
656010
657055
659583
662123
664244
670702
672018
675021
677268
678145
678502
681672
683049
684227
686055
686494
687664
687941
689029
690191
690429
695687
696149
697263
699427
701423
706356
707936
709104
715490
716007
716225
716399
717266
720059
720485
723006
723901
730038
730040
730988
731370
743613
747790
749381
752390
752689
752979
754707
759579
761041
761470
761988
762265
770591
774340
774752
778355
781585
782127
786656
787017
790421
791083
792550
792613
795195
796597
800432
801031
801187
801765
802921
807143
807716
807994
809792
809934
814763
818787
821219
822221
824884
825518
831783
832315
836114
836977
838510
838602
846208
847470
849378
852080
853158
853890
853940
854457
856648
857002
859610
860620
862219
862703
870606
870987
872380
873047
873109
876082
878801
880550
882298
884552
885593
886617
890475
898097
898352
898414
902301
902866
905523
905524
907417
907645
909380
911503
914624
918102
919200
919407
919774
923525
924840
926026
930804
931284
932084
932485
932621
937730
942193
943528
947096
948001
953153
956866
961853
964889
965057
969044
969546
972738
972876
977681
980117
980118
980123
980124
980720
981782
983289
984281
984788
987840
991024
992783
993845
996554
997280
