2491
3962
7249
37181
50464
51234
51783
59916
59916
64736
70940
80313
81758
84950
89060
93104
96430
100444
102443
106106
107098
118605
141105
142839
148159
170389
170837
191181
194899
205798
208358
215717
218013
224351
243158
245097
249955
250804
252376
265029
277385
279854
280903
286961
325124
329835
338229
341273
341367
349123
352174
356313
358764
367530
384756
388833
390742
399045
408233
414714
419324
422052
425995
427213
431534
437520
457367
460028
491435
504430
506718
514934
523796
529400
546679
550243
555703
558528
564459
564763
575104
578660
580836
588864
596512
599613
605163
609393
609393
610280
641721
642698
650141
650307
656010
672018
675021
678185
678909
683049
686055
686494
687941
690349
702735
716007
720485
750500
752390
757473
762265
780628
786656
802921
833603
849378
853890
859610
862703
870987
873047
885535
890475
907645
924840
942441
943728
947121
948001
962742
964384
977681
988837
