2491
3962
37181
50464
51234
59916
59916
70940
80313
81758
84950
89060
93104
96430
100444
102443
106106
107098
141105
148159
170837
194899
205798
208358
215717
218013
224351
243158
245097
249955
250804
252376
265029
277385
280903
286961
325124
338229
341273
341367
349123
352174
356313
358764
367530
384756
390742
399045
408233
414714
419324
422052
427213
437520
457367
460028
504430
506718
514934
523796
529400
546679
550243
555703
558528
564459
564763
580836
588864
596512
605163
609393
609393
610280
641721
642698
650141
650307
656010
672018
675021
678185
683049
686055
686494
687941
702735
716007
720485
752390
762265
786656
802921
833603
849378
853890
859610
862703
870987
873047
885535
890475
907645
924840
947121
948001
962742
977681
988837
